0.00177240027272000	0.00000001
0.00177241027272004	0.0477580910005742
0.00178005302243871	0.0426399703374045
0.00178948414546038	0.0436596218020000
0.00179901573722863	0.0446792732665884
0.00180864941176471	0.0456989247311768
0.00181838681784811	0.0467185761957722
0.00182822963995735	0.0477382276603606
0.00183817959924136	0.0487578791249490
0.00184823845452284	0.0497775305895374
0.00185840800333472	0.0507971820541329
0.00186869008299103	0.0518168335187212
0.00187908657169350	0.0528364849833096
0.00188959938967534	0.0538561364478980
0.00190023050038360	0.0548757879124935
0.00191098191170167	0.0558954393770819
0.00192185567721355	0.0569150908416702
0.00193285389751149	0.0579347423062657
0.00194397872154879	0.0589543937708541
0.00195523234803965	0.0599740452354425
0.00196661702690781	0.0609936967000309
0.00197813506078623	0.0620133481646263
0.00198978880656967	0.0630329996292147
0.00200158067702254	0.0640526510938031
0.00201351314244422	0.0650723025583915
0.00202558873239437	0.0660919540229870
0.00203781003748057	0.0671116054875753
0.00205017971121126	0.0681312569521637
0.00206270047191635	0.0691509084167521
0.00207537510473885	0.0701705598813476
0.00208820646370023	0.0711902113459360
0.00210119747384296	0.0722098628105243
0.00211435113345348	0.0732295142751198
0.00212767051636919	0.0742491657397082
0.00214115877437326	0.0752688172042966
0.00215481913968101	0.0762884686688850
0.00216865492752213	0.0773081201334804
0.00218266953882307	0.0783277715980688
0.00219686646299399	0.0793474230626572
0.00221124928082532	0.0803670745272456
0.00222582166749875	0.0813867259918411
0.00224058739571816	0.0824063774564294
0.00225555033896590	0.0834260289210178
0.00227071447489050	0.0844456803856062
0.00228608388883191	0.0854653318502017
0.00230166277749097	0.120575892405697
0.00231745545274977	0.129171301446050
0.00233346634565058	0.130190952910645
0.00234970001054074	0.131210604375234
0.00236616112939178	0.147381770991331
0.00238285451630144	0.212795361849864
0.00239978512218753	0.399421073920514
0.00241695803968340	0.650440725385103
0.00243437850824506	1.01130886169818
0.00245205191948080	1.59944972528398
0.00246834281917839	2.41140361718782
0.00248153222754091	3.35328274802691
0.00249151715658880	4.22288654060066
0.00250046034772855	5.07060313929057
0.00250906446270361	6.06909131839610
0.00251586069683827	6.99208114836591
0.00252122647880952	7.94475342973675
0.00252710622378415	8.96094425905327
0.00253227354311030	9.97511123470522
0.00253820498723100	11.0587623814821
0.00254301991831892	12.0006859473489
0.00254615693889206	12.9689083549623
0.00255227891000687	14.2261772339637
0.00255754979348325	15.5754136540601
0.00256284249252702	17.0548584074898
0.00256845304758613	18.6066565731471
0.00257289981532779	19.8592031269312
0.00257617057667861	20.7940952910641
0.00257974817729429	21.9828223489062
0.00258513324828946	23.2209476578915
0.00258783422335733	24.2141422568286
0.00259054084834399	25.0865035224323
0.00259325314099581	26.0477536769250
0.00259597111913357	26.9284482758621
0.00259899778477323	28.1869361018416
0.00260428973413222	29.7705386937867
0.00260690024558531	30.8956711160549
0.00261203205924398	31.7792639970337
0.00261607839455463	32.8058568162155
0.00262161637069270	33.8478015696453
0.00262717784325280	34.7508574341861
0.00263369612476371	35.7303485354097
0.00264105119916050	36.7604746014090
0.00264798305286082	37.7634614592345
0.00265669920830850	38.8564807458022
0.00266582205214064	39.9055354715116
0.00267927932692308	40.7950732295143
0.00269776158780104	41.2902720194155
0.00271948322557033	40.9238674284559
0.00273852628992629	40.0374374304783
0.00275287525360337	38.9622000635627
0.00276076552077989	37.9685099846390
0.00276722814733370	36.9449917898194
0.00277431288114499	35.8341984921518
0.00277935322301979	34.8086299592139
0.00278620173198822	33.6303631018592
0.00279398427903812	32.5295169235659
0.00280045276381910	31.4603571869979
0.00280679979853941	30.3773019404276
0.00281258409387223	29.0905172413793
0.00281958057171768	27.7910525583982
0.00282565648371150	26.3734911218226
0.00283103937007874	25.0172413793103
0.00283680376686180	23.5980441230997
0.00284319595255304	21.9297985415894
0.00284949558992714	20.4022885510650
0.00285643311122501	18.7770033833889
0.00286193400950058	17.5574434556915
0.00286666595631327	16.4790706605223
0.00287331703095365	15.2233963663330
0.00288079658826570	13.8301063681869
0.00288751347150259	12.4762177882833
0.00289426175019475	11.4018430972686
0.00289877815344603	10.4853618217773
0.00290671586908332	9.45790847855642
0.00291355430662658	8.47901989865282
0.00292042499672475	7.55568687430478
0.00292848187073043	6.60809464219503
0.00293890626235992	5.60330343900630
0.00294999060411566	4.54645207638117
0.00296588664183076	3.57832777159807
0.00298255338506824	2.62585164071190
0.00300547445058649	1.73137240031011
0.00303245871310026	1.04299811238076
0.00305993191489362	0.653866248693831
0.00308790746640809	0.438976809249326
1.02963662297858	13400.6191151106
1.50620683962828	5516.89353168941
1.60964746228391	7895.42938533097
2.03091762090474	4757.45058119263
2.33813466543366	7565.15512746875
2.62877350736263	5990.73898241852
3.32292444229218	3315.77359161862
3.73597631907368	2513.13801390223
4.20037208160271	1842.82767028976
4.72249396599012	1307.34443936312
5.30951754405137	954.691428832243
5.96951033788748	708.789974346566
6.71154269262562	526.225765270261
7.54581243105393	390.684922271309
8.48378500329154	279.461973513690
9.53835105758407	192.601790829587
10.7240035977358	137.770549870693
13.4836568754790	75.9800019485568
16.9136681813699	44.1695736928761
18.1690980725755	179.168909249564
20.8304007694460	128.290535984587
23.4196971201013	92.5297655768848
26.3308526450338	66.7372495718771
29.6038756376318	48.5339812449601
33.2837475710710	36.0330032119695
37.4210412830727	26.7519228212632
42.0726160033299	19.6165842606995
47.3023987754279	13.9164571739316
53.1822630124190	10.1625264036276
59.7930162601257	7.45195240096507
67.2255107430983	5.46434935376173
75.5818919555695	4.05688782920248
86.6526832569573	2.96552710808062
101.304066768003	2.13434761319282
118.432731197761	1.57960049407733
138.457539430109	1.17631178386143
168.314949126965	0.892382356555319
221.233659530109	0.662371957504667
320.614202528939	0.491573160444865
492.670019042023	0.383768941819854
757.058626063077	0.308867387179804
1163.32989860222	0.250271955961205
1787.62437464005	0.199167242648842
2746.94298551670	0.163950654052129
4221.07455723116	0.141825076014512
6486.29058253017	0.128055908410059
9967.12210376518	0.123437169795837
15315.9223700108	0.124193542362762
23535.1263486161	0.130718814283241
36165.1201190396	0.140724656787155
55572.9293249136	0.149123877381882
85395.8306674045	0.160176936893395
131223.025022487	0.171275079846671
201643.126619586	0.179058672313661
309853.781422542	0.187618579095265
476135.078201683	0.192638289526073
731650.301807904	0.196902296602173
1124286.33940902	0.201260686557138
1727628.30802959	0.201128727076367
2654750.36570674	0.204655617837990
4079407.28423129	0.205909663886322
6268598.36073853	0.205774656236309
9632606.57011317	0.205639737106015
14801890.9483388	0.205504906437400
22745242.8428145	0.205370164172464
34951350.0527894	0.205235510253243
53707796.3490964	0.210251922197939
76328772.6188184	0.210139125252294
