1.000000	1904.926415
2.000000	271.902833
3.000000	128.545768
4.000000	57.615733
5.000000	62.001767
6.000000	37.575618
7.000000	27.237467
8.000000	16.899315
9.000000	12.962090
10.000000	9.024864
11.000000	7.798205
12.000000	6.571546
13.000000	5.344887
14.000000	4.118228
15.000000	2.891569
16.000000	2.578258
17.000000	2.264946
18.000000	1.951635
19.000000	1.638323
20.000000	1.325012
21.000000	1.242188
22.000000	1.159365
23.000000	1.076542
24.000000	0.993719
25.000000	0.910896
26.000000	0.828073
27.000000	0.745250
28.000000	0.662427
29.000000	0.579604
30.000000	0.496781
31.000000	0.475997
32.000000	0.455214
33.000000	0.434431
34.000000	0.413648
35.000000	0.392865
36.000000	0.372082
37.000000	0.351299
38.000000	0.330516
39.000000	0.309733
40.000000	0.288950
41.000000	0.281266
42.000000	0.273582
43.000000	0.265898
44.000000	0.258214
45.000000	0.250530
46.000000	0.242846
47.000000	0.235162
48.000000	0.227478
49.000000	0.219794
50.000000	0.212110
51.000000	0.208501
52.000000	0.204892
53.000000	0.201282
54.000000	0.197673
55.000000	0.194064
56.000000	0.190455
57.000000	0.186845
58.000000	0.183236
59.000000	0.179627
60.000000	0.176017
61.000000	0.174389
62.000000	0.172761
63.000000	0.171132
64.000000	0.169504
65.000000	0.167875
66.000000	0.166247
67.000000	0.164618
68.000000	0.162990
69.000000	0.161361
70.000000	0.159733
71.000000	0.158104
72.000000	0.156476
73.000000	0.154847
74.000000	0.153219
75.000000	0.151590
76.000000	0.149962
77.000000	0.148333
78.000000	0.146705
79.000000	0.145076
80.000000	0.143448
81.000000	0.142690
82.000000	0.141931
83.000000	0.141173
84.000000	0.140415
85.000000	0.139656
86.000000	0.138898
87.000000	0.138140
88.000000	0.137381
89.000000	0.136623
90.000000	0.135865
91.000000	0.135106
92.000000	0.134348
93.000000	0.133590
94.000000	0.132831
95.000000	0.132073
96.000000	0.131315
97.000000	0.130556
98.000000	0.129798
99.000000	0.129040
100.000000	0.128281
101.000000	0.127905
102.000000	0.127528
103.000000	0.127152
104.000000	0.126775
105.000000	0.126398
106.000000	0.126022
107.000000	0.125645
108.000000	0.125268
109.000000	0.124892
110.000000	0.124515
111.000000	0.124139
112.000000	0.123762
113.000000	0.123385
114.000000	0.123009
115.000000	0.122632
116.000000	0.122255
117.000000	0.121879
118.000000	0.121502
119.000000	0.121126
120.000000	0.120749
121.000000	0.120372
122.000000	0.119996
123.000000	0.119619
124.000000	0.119242
125.000000	0.118866
126.000000	0.118489
127.000000	0.118113
128.000000	0.117736
129.000000	0.117359
130.000000	0.116983
131.000000	0.116606
132.000000	0.116229
133.000000	0.115853
134.000000	0.115476
135.000000	0.115100
136.000000	0.114723
137.000000	0.114346
138.000000	0.113970
139.000000	0.113593
140.000000	0.113216
141.000000	0.112840
142.000000	0.112463
143.000000	0.112087
144.000000	0.111710
145.000000	0.111333
146.000000	0.110957
147.000000	0.110580
148.000000	0.110203
149.000000	0.109827
150.000000	0.109450
151.000000	0.109235
152.000000	0.109020
153.000000	0.108805
154.000000	0.108591
155.000000	0.108376
156.000000	0.108161
157.000000	0.107946
158.000000	0.107731
159.000000	0.107516
160.000000	0.107301
161.000000	0.107086
162.000000	0.106871
163.000000	0.106656
164.000000	0.106441
165.000000	0.106227
166.000000	0.106012
167.000000	0.105797
168.000000	0.105582
169.000000	0.105367
170.000000	0.105152
171.000000	0.104937
172.000000	0.104722
173.000000	0.104507
174.000000	0.104292
175.000000	0.104078
176.000000	0.103863
177.000000	0.103648
178.000000	0.103433
179.000000	0.103218
180.000000	0.103003
181.000000	0.102788
182.000000	0.102573
183.000000	0.102358
184.000000	0.102143
185.000000	0.101929
186.000000	0.101714
187.000000	0.101499
188.000000	0.101284
189.000000	0.101069
190.000000	0.100854
191.000000	0.100639
192.000000	0.100424
193.000000	0.100209
194.000000	0.099994
195.000000	0.099779
196.000000	0.099565
197.000000	0.099350
198.000000	0.099135
199.000000	0.098920
200.000000	0.098705
201.000000	0.098568
202.000000	0.098431
203.000000	0.098294
204.000000	0.098158
205.000000	0.098021
206.000000	0.097884
207.000000	0.097747
208.000000	0.097610
209.000000	0.097473
210.000000	0.097336
211.000000	0.097200
212.000000	0.097063
213.000000	0.096926
214.000000	0.096789
215.000000	0.096652
216.000000	0.096515
217.000000	0.096378
218.000000	0.096242
219.000000	0.096105
220.000000	0.095968
221.000000	0.095831
222.000000	0.095694
223.000000	0.095557
224.000000	0.095420
225.000000	0.095284
226.000000	0.095147
227.000000	0.095010
228.000000	0.094873
229.000000	0.094736
230.000000	0.094599
231.000000	0.094462
232.000000	0.094326
233.000000	0.094189
234.000000	0.094052
235.000000	0.093915
236.000000	0.093778
237.000000	0.093641
238.000000	0.093505
239.000000	0.093368
240.000000	0.093231
241.000000	0.093094
242.000000	0.092957
243.000000	0.092820
244.000000	0.092683
245.000000	0.092547
246.000000	0.092410
247.000000	0.092273
248.000000	0.092136
249.000000	0.091999
250.000000	0.091862
251.000000	0.091725
252.000000	0.091589
253.000000	0.091452
254.000000	0.091315
255.000000	0.091178
256.000000	0.091041
257.000000	0.090904
258.000000	0.090767
259.000000	0.090631
260.000000	0.090494
261.000000	0.090357
262.000000	0.090220
263.000000	0.090083
264.000000	0.089946
265.000000	0.089809
266.000000	0.089673
267.000000	0.089536
268.000000	0.089399
269.000000	0.089262
270.000000	0.089125
271.000000	0.088988
272.000000	0.088852
273.000000	0.088715
274.000000	0.088578
275.000000	0.088441
276.000000	0.088304
277.000000	0.088167
278.000000	0.088030
279.000000	0.087894
280.000000	0.087757
281.000000	0.087620
282.000000	0.087483
283.000000	0.087346
284.000000	0.087209
285.000000	0.087072
286.000000	0.086936
287.000000	0.086799
288.000000	0.086662
289.000000	0.086525
290.000000	0.086388
291.000000	0.086251
292.000000	0.086114
293.000000	0.085978
294.000000	0.085841
295.000000	0.085704
296.000000	0.085567
297.000000	0.085430
298.000000	0.085293
299.000000	0.085156
300.000000	0.085020
301.000000	0.084929
302.000000	0.084839
303.000000	0.084748
304.000000	0.084658
305.000000	0.084567
306.000000	0.084477
307.000000	0.084386
308.000000	0.084296
309.000000	0.084205
310.000000	0.084115
311.000000	0.084024
312.000000	0.083934
313.000000	0.083843
314.000000	0.083753
315.000000	0.083662
316.000000	0.083572
317.000000	0.083481
318.000000	0.083391
319.000000	0.083300
320.000000	0.083210
321.000000	0.083119
322.000000	0.083029
323.000000	0.082938
324.000000	0.082848
325.000000	0.082757
326.000000	0.082667
327.000000	0.082576
328.000000	0.082486
329.000000	0.082395
330.000000	0.082305
331.000000	0.082214
332.000000	0.082124
333.000000	0.082033
334.000000	0.081943
335.000000	0.081852
336.000000	0.081762
337.000000	0.081671
338.000000	0.081581
339.000000	0.081490
340.000000	0.081400
341.000000	0.081309
342.000000	0.081219
343.000000	0.081128
344.000000	0.081038
345.000000	0.080947
346.000000	0.080857
347.000000	0.080766
348.000000	0.080676
349.000000	0.080585
350.000000	0.080495
351.000000	0.080404
352.000000	0.080314
353.000000	0.080223
354.000000	0.080133
355.000000	0.080042
356.000000	0.079952
357.000000	0.079861
358.000000	0.079771
359.000000	0.079680
360.000000	0.079590
361.000000	0.079499
362.000000	0.079409
363.000000	0.079318
364.000000	0.079228
365.000000	0.079137
366.000000	0.079047
367.000000	0.078956
368.000000	0.078866
369.000000	0.078775
370.000000	0.078685
371.000000	0.078594
372.000000	0.078504
373.000000	0.078413
374.000000	0.078323
375.000000	0.078232
376.000000	0.078142
377.000000	0.078051
378.000000	0.077961
379.000000	0.077870
380.000000	0.077780
381.000000	0.077689
382.000000	0.077599
383.000000	0.077508
384.000000	0.077418
385.000000	0.077327
386.000000	0.077237
387.000000	0.077146
388.000000	0.077056
389.000000	0.076965
390.000000	0.076875
391.000000	0.076784
392.000000	0.076694
393.000000	0.076603
394.000000	0.076513
395.000000	0.076422
396.000000	0.076332
397.000000	0.076241
398.000000	0.076151
399.000000	0.076060
400.000000	0.075970
401.000000	0.075903
402.000000	0.075836
403.000000	0.075769
404.000000	0.075703
405.000000	0.075636
406.000000	0.075569
407.000000	0.075502
408.000000	0.075435
409.000000	0.075369
410.000000	0.075302
411.000000	0.075235
412.000000	0.075168
413.000000	0.075102
414.000000	0.075035
415.000000	0.074968
416.000000	0.074901
417.000000	0.074835
418.000000	0.074768
419.000000	0.074701
420.000000	0.074634
421.000000	0.074568
422.000000	0.074501
423.000000	0.074434
424.000000	0.074367
425.000000	0.074300
426.000000	0.074234
427.000000	0.074167
428.000000	0.074100
429.000000	0.074033
430.000000	0.073967
431.000000	0.073900
432.000000	0.073833
433.000000	0.073766
434.000000	0.073700
435.000000	0.073633
436.000000	0.073566
437.000000	0.073499
438.000000	0.073433
439.000000	0.073366
440.000000	0.073299
441.000000	0.073232
442.000000	0.073166
443.000000	0.073099
444.000000	0.073032
445.000000	0.072965
446.000000	0.072898
447.000000	0.072832
448.000000	0.072765
449.000000	0.072698
450.000000	0.072631
451.000000	0.072565
452.000000	0.072498
453.000000	0.072431
454.000000	0.072364
455.000000	0.072298
456.000000	0.072231
457.000000	0.072164
458.000000	0.072097
459.000000	0.072031
460.000000	0.071964
461.000000	0.071897
462.000000	0.071830
463.000000	0.071763
464.000000	0.071697
465.000000	0.071630
466.000000	0.071563
467.000000	0.071496
468.000000	0.071430
469.000000	0.071363
470.000000	0.071296
471.000000	0.071229
472.000000	0.071163
473.000000	0.071096
474.000000	0.071029
475.000000	0.070962
476.000000	0.070896
477.000000	0.070829
478.000000	0.070762
479.000000	0.070695
480.000000	0.070629
481.000000	0.070562
482.000000	0.070495
483.000000	0.070428
484.000000	0.070361
485.000000	0.070295
486.000000	0.070228
487.000000	0.070161
488.000000	0.070094
489.000000	0.070028
490.000000	0.069961
491.000000	0.069894
492.000000	0.069827
493.000000	0.069761
494.000000	0.069694
495.000000	0.069627
496.000000	0.069560
497.000000	0.069494
498.000000	0.069427
499.000000	0.069360
500.000000	0.069293
501.000000	0.069241
502.000000	0.069188
503.000000	0.069136
504.000000	0.069083
505.000000	0.069031
506.000000	0.068978
507.000000	0.068926
508.000000	0.068873
509.000000	0.068821
510.000000	0.068768
511.000000	0.068716
512.000000	0.068663
513.000000	0.068611
514.000000	0.068558
515.000000	0.068505
516.000000	0.068453
517.000000	0.068400
518.000000	0.068348
519.000000	0.068295
520.000000	0.068243
521.000000	0.068190
522.000000	0.068138
523.000000	0.068085
524.000000	0.068033
525.000000	0.067980
526.000000	0.067928
527.000000	0.067875
528.000000	0.067823
529.000000	0.067770
530.000000	0.067718
531.000000	0.067665
532.000000	0.067613
533.000000	0.067560
534.000000	0.067508
535.000000	0.067455
536.000000	0.067403
537.000000	0.067350
538.000000	0.067298
539.000000	0.067245
540.000000	0.067192
541.000000	0.067140
542.000000	0.067087
543.000000	0.067035
544.000000	0.066982
545.000000	0.066930
546.000000	0.066877
547.000000	0.066825
548.000000	0.066772
549.000000	0.066720
550.000000	0.066667
551.000000	0.066615
552.000000	0.066562
553.000000	0.066510
554.000000	0.066457
555.000000	0.066405
556.000000	0.066352
557.000000	0.066300
558.000000	0.066247
559.000000	0.066195
560.000000	0.066142
561.000000	0.066090
562.000000	0.066037
563.000000	0.065985
564.000000	0.065932
565.000000	0.065879
566.000000	0.065827
567.000000	0.065774
568.000000	0.065722
569.000000	0.065669
570.000000	0.065617
571.000000	0.065564
572.000000	0.065512
573.000000	0.065459
574.000000	0.065407
575.000000	0.065354
576.000000	0.065302
577.000000	0.065249
578.000000	0.065197
579.000000	0.065144
580.000000	0.065092
581.000000	0.065039
582.000000	0.064987
583.000000	0.064934
584.000000	0.064882
585.000000	0.064829
586.000000	0.064777
587.000000	0.064724
588.000000	0.064672
589.000000	0.064619
590.000000	0.064567
591.000000	0.064514
592.000000	0.064461
593.000000	0.064409
594.000000	0.064356
595.000000	0.064304
596.000000	0.064251
597.000000	0.064199
598.000000	0.064146
599.000000	0.064094
600.000000	0.064041
601.000000	0.064002
602.000000	0.063963
603.000000	0.063924
604.000000	0.063885
605.000000	0.063846
606.000000	0.063806
607.000000	0.063767
608.000000	0.063728
609.000000	0.063689
610.000000	0.063650
611.000000	0.063611
612.000000	0.063572
613.000000	0.063532
614.000000	0.063493
615.000000	0.063454
616.000000	0.063415
617.000000	0.063376
618.000000	0.063337
619.000000	0.063297
620.000000	0.063258
621.000000	0.063219
622.000000	0.063180
623.000000	0.063141
624.000000	0.063102
625.000000	0.063063
626.000000	0.063023
627.000000	0.062984
628.000000	0.062945
629.000000	0.062906
630.000000	0.062867
631.000000	0.062828
632.000000	0.062789
633.000000	0.062749
634.000000	0.062710
635.000000	0.062671
636.000000	0.062632
637.000000	0.062593
638.000000	0.062554
639.000000	0.062514
640.000000	0.062475
641.000000	0.062436
642.000000	0.062397
643.000000	0.062358
644.000000	0.062319
645.000000	0.062280
646.000000	0.062240
647.000000	0.062201
648.000000	0.062162
649.000000	0.062123
650.000000	0.062084
651.000000	0.062045
652.000000	0.062006
653.000000	0.061966
654.000000	0.061927
655.000000	0.061888
656.000000	0.061849
657.000000	0.061810
658.000000	0.061771
659.000000	0.061731
660.000000	0.061692
661.000000	0.061653
662.000000	0.061614
663.000000	0.061575
664.000000	0.061536
665.000000	0.061497
666.000000	0.061457
667.000000	0.061418
668.000000	0.061379
669.000000	0.061340
670.000000	0.061301
671.000000	0.061262
672.000000	0.061223
673.000000	0.061183
674.000000	0.061144
675.000000	0.061105
676.000000	0.061066
677.000000	0.061027
678.000000	0.060988
679.000000	0.060948
680.000000	0.060909
681.000000	0.060870
682.000000	0.060831
683.000000	0.060792
684.000000	0.060753
685.000000	0.060714
686.000000	0.060674
687.000000	0.060635
688.000000	0.060596
689.000000	0.060557
690.000000	0.060518
691.000000	0.060479
692.000000	0.060440
693.000000	0.060400
694.000000	0.060361
695.000000	0.060322
696.000000	0.060283
697.000000	0.060244
698.000000	0.060205
699.000000	0.060165
700.000000	0.060126
701.000000	0.060087
702.000000	0.060048
703.000000	0.060009
704.000000	0.059970
705.000000	0.059931
706.000000	0.059891
707.000000	0.059852
708.000000	0.059813
709.000000	0.059774
710.000000	0.059735
711.000000	0.059696
712.000000	0.059657
713.000000	0.059617
714.000000	0.059578
715.000000	0.059539
716.000000	0.059500
717.000000	0.059461
718.000000	0.059422
719.000000	0.059382
720.000000	0.059343
721.000000	0.059304
722.000000	0.059265
723.000000	0.059226
724.000000	0.059187
725.000000	0.059148
726.000000	0.059108
727.000000	0.059069
728.000000	0.059030
729.000000	0.058991
730.000000	0.058952
731.000000	0.058913
732.000000	0.058874
733.000000	0.058834
734.000000	0.058795
735.000000	0.058756
736.000000	0.058717
737.000000	0.058678
738.000000	0.058639
739.000000	0.058599
740.000000	0.058560
741.000000	0.058521
742.000000	0.058482
743.000000	0.058443
744.000000	0.058404
745.000000	0.058365
746.000000	0.058325
747.000000	0.058286
748.000000	0.058247
749.000000	0.058208
750.000000	0.058169
751.000000	0.058130
752.000000	0.058091
753.000000	0.058051
754.000000	0.058012
755.000000	0.057973
756.000000	0.057934
757.000000	0.057895
758.000000	0.057856
759.000000	0.057816
760.000000	0.057777
761.000000	0.057738
762.000000	0.057699
763.000000	0.057660
764.000000	0.057621
765.000000	0.057582
766.000000	0.057542
767.000000	0.057503
768.000000	0.057464
769.000000	0.057425
770.000000	0.057386
771.000000	0.057347
772.000000	0.057308
773.000000	0.057268
774.000000	0.057229
775.000000	0.057190
776.000000	0.057151
777.000000	0.057112
778.000000	0.057073
779.000000	0.057033
780.000000	0.056994
781.000000	0.056955
782.000000	0.056916
783.000000	0.056877
784.000000	0.056838
785.000000	0.056799
786.000000	0.056759
787.000000	0.056720
788.000000	0.056681
789.000000	0.056642
790.000000	0.056603
791.000000	0.056564
792.000000	0.056525
793.000000	0.056485
794.000000	0.056446
795.000000	0.056407
796.000000	0.056368
797.000000	0.056329
798.000000	0.056290
799.000000	0.056250
800.000000	0.056211
801.000000	0.056183
802.000000	0.056154
803.000000	0.056126
804.000000	0.056097
805.000000	0.056069
806.000000	0.056041
807.000000	0.056012
808.000000	0.055984
809.000000	0.055955
810.000000	0.055927
811.000000	0.055898
812.000000	0.055870
813.000000	0.055841
814.000000	0.055813
815.000000	0.055784
816.000000	0.055756
817.000000	0.055728
818.000000	0.055699
819.000000	0.055671
820.000000	0.055642
821.000000	0.055614
822.000000	0.055585
823.000000	0.055557
824.000000	0.055528
825.000000	0.055500
826.000000	0.055471
827.000000	0.055443
828.000000	0.055415
829.000000	0.055386
830.000000	0.055358
831.000000	0.055329
832.000000	0.055301
833.000000	0.055272
834.000000	0.055244
835.000000	0.055215
836.000000	0.055187
837.000000	0.055158
838.000000	0.055130
839.000000	0.055102
840.000000	0.055073
841.000000	0.055045
842.000000	0.055016
843.000000	0.054988
844.000000	0.054959
845.000000	0.054931
846.000000	0.054902
847.000000	0.054874
848.000000	0.054845
849.000000	0.054817
850.000000	0.054788
851.000000	0.054760
852.000000	0.054732
853.000000	0.054703
854.000000	0.054675
855.000000	0.054646
856.000000	0.054618
857.000000	0.054589
858.000000	0.054561
859.000000	0.054532
860.000000	0.054504
861.000000	0.054475
862.000000	0.054447
863.000000	0.054419
864.000000	0.054390
865.000000	0.054362
866.000000	0.054333
867.000000	0.054305
868.000000	0.054276
869.000000	0.054248
870.000000	0.054219
871.000000	0.054191
872.000000	0.054162
873.000000	0.054134
874.000000	0.054106
875.000000	0.054077
876.000000	0.054049
877.000000	0.054020
878.000000	0.053992
879.000000	0.053963
880.000000	0.053935
881.000000	0.053906
882.000000	0.053878
883.000000	0.053849
884.000000	0.053821
885.000000	0.053793
886.000000	0.053764
887.000000	0.053736
888.000000	0.053707
889.000000	0.053679
890.000000	0.053650
891.000000	0.053622
892.000000	0.053593
893.000000	0.053565
894.000000	0.053536
895.000000	0.053508
896.000000	0.053479
897.000000	0.053451
898.000000	0.053423
899.000000	0.053394
900.000000	0.053366
901.000000	0.053337
902.000000	0.053309
903.000000	0.053280
904.000000	0.053252
905.000000	0.053223
906.000000	0.053195
907.000000	0.053166
908.000000	0.053138
909.000000	0.053110
910.000000	0.053081
911.000000	0.053053
912.000000	0.053024
913.000000	0.052996
914.000000	0.052967
915.000000	0.052939
916.000000	0.052910
917.000000	0.052882
918.000000	0.052853
919.000000	0.052825
920.000000	0.052797
921.000000	0.052768
922.000000	0.052740
923.000000	0.052711
924.000000	0.052683
925.000000	0.052654
926.000000	0.052626
927.000000	0.052597
928.000000	0.052569
929.000000	0.052540
930.000000	0.052512
931.000000	0.052483
932.000000	0.052455
933.000000	0.052427
934.000000	0.052398
935.000000	0.052370
936.000000	0.052341
937.000000	0.052313
938.000000	0.052284
939.000000	0.052256
940.000000	0.052227
941.000000	0.052199
942.000000	0.052170
943.000000	0.052142
944.000000	0.052114
945.000000	0.052085
946.000000	0.052057
947.000000	0.052028
948.000000	0.052000
949.000000	0.051971
950.000000	0.051943
951.000000	0.051914
952.000000	0.051886
953.000000	0.051857
954.000000	0.051829
955.000000	0.051801
956.000000	0.051772
957.000000	0.051744
958.000000	0.051715
959.000000	0.051687
960.000000	0.051658
961.000000	0.051630
962.000000	0.051601
963.000000	0.051573
964.000000	0.051544
965.000000	0.051516
966.000000	0.051488
967.000000	0.051459
968.000000	0.051431
969.000000	0.051402
970.000000	0.051374
971.000000	0.051345
972.000000	0.051317
973.000000	0.051288
974.000000	0.051260
975.000000	0.051231
976.000000	0.051203
977.000000	0.051174
978.000000	0.051146
979.000000	0.051118
980.000000	0.051089
981.000000	0.051061
982.000000	0.051032
983.000000	0.051004
984.000000	0.050975
985.000000	0.050947
986.000000	0.050918
987.000000	0.050890
988.000000	0.050861
989.000000	0.050833
990.000000	0.050805
991.000000	0.050776
992.000000	0.050748
993.000000	0.050719
994.000000	0.050691
995.000000	0.050662
996.000000	0.050634
997.000000	0.050605
998.000000	0.050577
999.000000	0.050548
1000.000000	0.050520