1.000000	1798.295612
2.000000	261.496960
3.000000	146.457503
4.000000	65.699232
5.000000	74.859315
6.000000	45.533587
7.000000	33.048917
8.000000	20.564247
9.000000	15.780350
10.000000	10.996454
11.000000	9.498341
12.000000	8.000228
13.000000	6.502115
14.000000	5.004002
15.000000	3.505889
16.000000	3.121531
17.000000	2.737172
18.000000	2.352814
19.000000	1.968456
20.000000	1.584098
21.000000	1.482357
22.000000	1.380615
23.000000	1.278874
24.000000	1.177133
25.000000	1.075391
26.000000	0.973650
27.000000	0.871908
28.000000	0.770167
29.000000	0.668426
30.000000	0.566684
31.000000	0.541230
32.000000	0.515776
33.000000	0.490321
34.000000	0.464867
35.000000	0.439413
36.000000	0.413958
37.000000	0.388504
38.000000	0.363050
39.000000	0.337595
40.000000	0.312141
41.000000	0.302808
42.000000	0.293476
43.000000	0.284143
44.000000	0.274811
45.000000	0.265478
46.000000	0.256146
47.000000	0.246813
48.000000	0.237480
49.000000	0.228148
50.000000	0.218815
51.000000	0.214497
52.000000	0.210178
53.000000	0.205860
54.000000	0.201541
55.000000	0.197223
56.000000	0.192905
57.000000	0.188586
58.000000	0.184268
59.000000	0.179949
60.000000	0.175631
61.000000	0.173737
62.000000	0.171843
63.000000	0.169949
64.000000	0.168055
65.000000	0.166161
66.000000	0.164267
67.000000	0.162373
68.000000	0.160479
69.000000	0.158585
70.000000	0.156691
71.000000	0.154797
72.000000	0.152903
73.000000	0.151009
74.000000	0.149115
75.000000	0.147221
76.000000	0.145327
77.000000	0.143433
78.000000	0.141539
79.000000	0.139645
80.000000	0.137751
81.000000	0.136913
82.000000	0.136075
83.000000	0.135236
84.000000	0.134398
85.000000	0.133560
86.000000	0.132722
87.000000	0.131883
88.000000	0.131045
89.000000	0.130207
90.000000	0.129368
91.000000	0.128530
92.000000	0.127692
93.000000	0.126854
94.000000	0.126015
95.000000	0.125177
96.000000	0.124339
97.000000	0.123500
98.000000	0.122662
99.000000	0.121824
100.000000	0.120986
101.000000	0.120598
102.000000	0.120210
103.000000	0.119822
104.000000	0.119434
105.000000	0.119046
106.000000	0.118658
107.000000	0.118270
108.000000	0.117882
109.000000	0.117494
110.000000	0.117106
111.000000	0.116718
112.000000	0.116330
113.000000	0.115942
114.000000	0.115554
115.000000	0.115166
116.000000	0.114778
117.000000	0.114390
118.000000	0.114002
119.000000	0.113614
120.000000	0.113226
121.000000	0.112838
122.000000	0.112450
123.000000	0.112062
124.000000	0.111674
125.000000	0.111286
126.000000	0.110898
127.000000	0.110510
128.000000	0.110122
129.000000	0.109734
130.000000	0.109346
131.000000	0.108958
132.000000	0.108570
133.000000	0.108182
134.000000	0.107794
135.000000	0.107406
136.000000	0.107018
137.000000	0.106630
138.000000	0.106242
139.000000	0.105854
140.000000	0.105466
141.000000	0.105078
142.000000	0.104690
143.000000	0.104302
144.000000	0.103914
145.000000	0.103526
146.000000	0.103138
147.000000	0.102750
148.000000	0.102362
149.000000	0.101974
150.000000	0.101586
151.000000	0.101378
152.000000	0.101170
153.000000	0.100962
154.000000	0.100754
155.000000	0.100546
156.000000	0.100339
157.000000	0.100131
158.000000	0.099923
159.000000	0.099715
160.000000	0.099507
161.000000	0.099299
162.000000	0.099091
163.000000	0.098883
164.000000	0.098675
165.000000	0.098467
166.000000	0.098259
167.000000	0.098051
168.000000	0.097844
169.000000	0.097636
170.000000	0.097428
171.000000	0.097220
172.000000	0.097012
173.000000	0.096804
174.000000	0.096596
175.000000	0.096388
176.000000	0.096180
177.000000	0.095972
178.000000	0.095764
179.000000	0.095556
180.000000	0.095348
181.000000	0.095141
182.000000	0.094933
183.000000	0.094725
184.000000	0.094517
185.000000	0.094309
186.000000	0.094101
187.000000	0.093893
188.000000	0.093685
189.000000	0.093477
190.000000	0.093269
191.000000	0.093061
192.000000	0.092853
193.000000	0.092646
194.000000	0.092438
195.000000	0.092230
196.000000	0.092022
197.000000	0.091814
198.000000	0.091606
199.000000	0.091398
200.000000	0.091190
201.000000	0.091061
202.000000	0.090933
203.000000	0.090804
204.000000	0.090676
205.000000	0.090547
206.000000	0.090418
207.000000	0.090290
208.000000	0.090161
209.000000	0.090032
210.000000	0.089904
211.000000	0.089775
212.000000	0.089646
213.000000	0.089518
214.000000	0.089389
215.000000	0.089261
216.000000	0.089132
217.000000	0.089003
218.000000	0.088875
219.000000	0.088746
220.000000	0.088617
221.000000	0.088489
222.000000	0.088360
223.000000	0.088232
224.000000	0.088103
225.000000	0.087974
226.000000	0.087846
227.000000	0.087717
228.000000	0.087588
229.000000	0.087460
230.000000	0.087331
231.000000	0.087202
232.000000	0.087074
233.000000	0.086945
234.000000	0.086817
235.000000	0.086688
236.000000	0.086559
237.000000	0.086431
238.000000	0.086302
239.000000	0.086173
240.000000	0.086045
241.000000	0.085916
242.000000	0.085787
243.000000	0.085659
244.000000	0.085530
245.000000	0.085402
246.000000	0.085273
247.000000	0.085144
248.000000	0.085016
249.000000	0.084887
250.000000	0.084758
251.000000	0.084630
252.000000	0.084501
253.000000	0.084372
254.000000	0.084244
255.000000	0.084115
256.000000	0.083987
257.000000	0.083858
258.000000	0.083729
259.000000	0.083601
260.000000	0.083472
261.000000	0.083343
262.000000	0.083215
263.000000	0.083086
264.000000	0.082958
265.000000	0.082829
266.000000	0.082700
267.000000	0.082572
268.000000	0.082443
269.000000	0.082314
270.000000	0.082186
271.000000	0.082057
272.000000	0.081928
273.000000	0.081800
274.000000	0.081671
275.000000	0.081543
276.000000	0.081414
277.000000	0.081285
278.000000	0.081157
279.000000	0.081028
280.000000	0.080899
281.000000	0.080771
282.000000	0.080642
283.000000	0.080513
284.000000	0.080385
285.000000	0.080256
286.000000	0.080128
287.000000	0.079999
288.000000	0.079870
289.000000	0.079742
290.000000	0.079613
291.000000	0.079484
292.000000	0.079356
293.000000	0.079227
294.000000	0.079098
295.000000	0.078970
296.000000	0.078841
297.000000	0.078713
298.000000	0.078584
299.000000	0.078455
300.000000	0.078327
301.000000	0.078243
302.000000	0.078159
303.000000	0.078075
304.000000	0.077991
305.000000	0.077907
306.000000	0.077823
307.000000	0.077739
308.000000	0.077655
309.000000	0.077571
310.000000	0.077487
311.000000	0.077403
312.000000	0.077319
313.000000	0.077235
314.000000	0.077151
315.000000	0.077067
316.000000	0.076983
317.000000	0.076899
318.000000	0.076815
319.000000	0.076731
320.000000	0.076647
321.000000	0.076563
322.000000	0.076479
323.000000	0.076395
324.000000	0.076311
325.000000	0.076227
326.000000	0.076143
327.000000	0.076059
328.000000	0.075975
329.000000	0.075891
330.000000	0.075807
331.000000	0.075723
332.000000	0.075639
333.000000	0.075555
334.000000	0.075471
335.000000	0.075387
336.000000	0.075303
337.000000	0.075219
338.000000	0.075135
339.000000	0.075051
340.000000	0.074967
341.000000	0.074883
342.000000	0.074799
343.000000	0.074715
344.000000	0.074631
345.000000	0.074547
346.000000	0.074463
347.000000	0.074379
348.000000	0.074295
349.000000	0.074211
350.000000	0.074127
351.000000	0.074043
352.000000	0.073959
353.000000	0.073875
354.000000	0.073791
355.000000	0.073707
356.000000	0.073623
357.000000	0.073539
358.000000	0.073455
359.000000	0.073371
360.000000	0.073287
361.000000	0.073203
362.000000	0.073119
363.000000	0.073035
364.000000	0.072951
365.000000	0.072867
366.000000	0.072783
367.000000	0.072699
368.000000	0.072615
369.000000	0.072531
370.000000	0.072447
371.000000	0.072363
372.000000	0.072279
373.000000	0.072195
374.000000	0.072111
375.000000	0.072027
376.000000	0.071943
377.000000	0.071859
378.000000	0.071775
379.000000	0.071691
380.000000	0.071607
381.000000	0.071523
382.000000	0.071439
383.000000	0.071355
384.000000	0.071271
385.000000	0.071187
386.000000	0.071103
387.000000	0.071019
388.000000	0.070935
389.000000	0.070851
390.000000	0.070767
391.000000	0.070683
392.000000	0.070599
393.000000	0.070515
394.000000	0.070431
395.000000	0.070347
396.000000	0.070263
397.000000	0.070179
398.000000	0.070095
399.000000	0.070011
400.000000	0.069927
401.000000	0.069865
402.000000	0.069804
403.000000	0.069742
404.000000	0.069680
405.000000	0.069618
406.000000	0.069557
407.000000	0.069495
408.000000	0.069433
409.000000	0.069372
410.000000	0.069310
411.000000	0.069248
412.000000	0.069187
413.000000	0.069125
414.000000	0.069063
415.000000	0.069002
416.000000	0.068940
417.000000	0.068878
418.000000	0.068817
419.000000	0.068755
420.000000	0.068693
421.000000	0.068631
422.000000	0.068570
423.000000	0.068508
424.000000	0.068446
425.000000	0.068385
426.000000	0.068323
427.000000	0.068261
428.000000	0.068200
429.000000	0.068138
430.000000	0.068076
431.000000	0.068015
432.000000	0.067953
433.000000	0.067891
434.000000	0.067829
435.000000	0.067768
436.000000	0.067706
437.000000	0.067644
438.000000	0.067583
439.000000	0.067521
440.000000	0.067459
441.000000	0.067398
442.000000	0.067336
443.000000	0.067274
444.000000	0.067213
445.000000	0.067151
446.000000	0.067089
447.000000	0.067028
448.000000	0.066966
449.000000	0.066904
450.000000	0.066842
451.000000	0.066781
452.000000	0.066719
453.000000	0.066657
454.000000	0.066596
455.000000	0.066534
456.000000	0.066472
457.000000	0.066411
458.000000	0.066349
459.000000	0.066287
460.000000	0.066226
461.000000	0.066164
462.000000	0.066102
463.000000	0.066040
464.000000	0.065979
465.000000	0.065917
466.000000	0.065855
467.000000	0.065794
468.000000	0.065732
469.000000	0.065670
470.000000	0.065609
471.000000	0.065547
472.000000	0.065485
473.000000	0.065424
474.000000	0.065362
475.000000	0.065300
476.000000	0.065239
477.000000	0.065177
478.000000	0.065115
479.000000	0.065053
480.000000	0.064992
481.000000	0.064930
482.000000	0.064868
483.000000	0.064807
484.000000	0.064745
485.000000	0.064683
486.000000	0.064622
487.000000	0.064560
488.000000	0.064498
489.000000	0.064437
490.000000	0.064375
491.000000	0.064313
492.000000	0.064251
493.000000	0.064190
494.000000	0.064128
495.000000	0.064066
496.000000	0.064005
497.000000	0.063943
498.000000	0.063881
499.000000	0.063820
500.000000	0.063758
501.000000	0.063710
502.000000	0.063661
503.000000	0.063613
504.000000	0.063564
505.000000	0.063516
506.000000	0.063467
507.000000	0.063419
508.000000	0.063371
509.000000	0.063322
510.000000	0.063274
511.000000	0.063225
512.000000	0.063177
513.000000	0.063128
514.000000	0.063080
515.000000	0.063032
516.000000	0.062983
517.000000	0.062935
518.000000	0.062886
519.000000	0.062838
520.000000	0.062789
521.000000	0.062741
522.000000	0.062692
523.000000	0.062644
524.000000	0.062596
525.000000	0.062547
526.000000	0.062499
527.000000	0.062450
528.000000	0.062402
529.000000	0.062353
530.000000	0.062305
531.000000	0.062257
532.000000	0.062208
533.000000	0.062160
534.000000	0.062111
535.000000	0.062063
536.000000	0.062014
537.000000	0.061966
538.000000	0.061918
539.000000	0.061869
540.000000	0.061821
541.000000	0.061772
542.000000	0.061724
543.000000	0.061675
544.000000	0.061627
545.000000	0.061579
546.000000	0.061530
547.000000	0.061482
548.000000	0.061433
549.000000	0.061385
550.000000	0.061336
551.000000	0.061288
552.000000	0.061240
553.000000	0.061191
554.000000	0.061143
555.000000	0.061094
556.000000	0.061046
557.000000	0.060997
558.000000	0.060949
559.000000	0.060901
560.000000	0.060852
561.000000	0.060804
562.000000	0.060755
563.000000	0.060707
564.000000	0.060658
565.000000	0.060610
566.000000	0.060562
567.000000	0.060513
568.000000	0.060465
569.000000	0.060416
570.000000	0.060368
571.000000	0.060319
572.000000	0.060271
573.000000	0.060223
574.000000	0.060174
575.000000	0.060126
576.000000	0.060077
577.000000	0.060029
578.000000	0.059980
579.000000	0.059932
580.000000	0.059884
581.000000	0.059835
582.000000	0.059787
583.000000	0.059738
584.000000	0.059690
585.000000	0.059641
586.000000	0.059593
587.000000	0.059545
588.000000	0.059496
589.000000	0.059448
590.000000	0.059399
591.000000	0.059351
592.000000	0.059302
593.000000	0.059254
594.000000	0.059205
595.000000	0.059157
596.000000	0.059109
597.000000	0.059060
598.000000	0.059012
599.000000	0.058963
600.000000	0.058915
601.000000	0.058879
602.000000	0.058843
603.000000	0.058807
604.000000	0.058771
605.000000	0.058735
606.000000	0.058699
607.000000	0.058662
608.000000	0.058626
609.000000	0.058590
610.000000	0.058554
611.000000	0.058518
612.000000	0.058482
613.000000	0.058446
614.000000	0.058410
615.000000	0.058374
616.000000	0.058338
617.000000	0.058302
618.000000	0.058266
619.000000	0.058230
620.000000	0.058194
621.000000	0.058158
622.000000	0.058122
623.000000	0.058085
624.000000	0.058049
625.000000	0.058013
626.000000	0.057977
627.000000	0.057941
628.000000	0.057905
629.000000	0.057869
630.000000	0.057833
631.000000	0.057797
632.000000	0.057761
633.000000	0.057725
634.000000	0.057689
635.000000	0.057653
636.000000	0.057617
637.000000	0.057581
638.000000	0.057544
639.000000	0.057508
640.000000	0.057472
641.000000	0.057436
642.000000	0.057400
643.000000	0.057364
644.000000	0.057328
645.000000	0.057292
646.000000	0.057256
647.000000	0.057220
648.000000	0.057184
649.000000	0.057148
650.000000	0.057112
651.000000	0.057076
652.000000	0.057040
653.000000	0.057004
654.000000	0.056967
655.000000	0.056931
656.000000	0.056895
657.000000	0.056859
658.000000	0.056823
659.000000	0.056787
660.000000	0.056751
661.000000	0.056715
662.000000	0.056679
663.000000	0.056643
664.000000	0.056607
665.000000	0.056571
666.000000	0.056535
667.000000	0.056499
668.000000	0.056463
669.000000	0.056427
670.000000	0.056390
671.000000	0.056354
672.000000	0.056318
673.000000	0.056282
674.000000	0.056246
675.000000	0.056210
676.000000	0.056174
677.000000	0.056138
678.000000	0.056102
679.000000	0.056066
680.000000	0.056030
681.000000	0.055994
682.000000	0.055958
683.000000	0.055922
684.000000	0.055886
685.000000	0.055849
686.000000	0.055813
687.000000	0.055777
688.000000	0.055741
689.000000	0.055705
690.000000	0.055669
691.000000	0.055633
692.000000	0.055597
693.000000	0.055561
694.000000	0.055525
695.000000	0.055489
696.000000	0.055453
697.000000	0.055417
698.000000	0.055381
699.000000	0.055345
700.000000	0.055309
701.000000	0.055272
702.000000	0.055236
703.000000	0.055200
704.000000	0.055164
705.000000	0.055128
706.000000	0.055092
707.000000	0.055056
708.000000	0.055020
709.000000	0.054984
710.000000	0.054948
711.000000	0.054912
712.000000	0.054876
713.000000	0.054840
714.000000	0.054804
715.000000	0.054768
716.000000	0.054731
717.000000	0.054695
718.000000	0.054659
719.000000	0.054623
720.000000	0.054587
721.000000	0.054551
722.000000	0.054515
723.000000	0.054479
724.000000	0.054443
725.000000	0.054407
726.000000	0.054371
727.000000	0.054335
728.000000	0.054299
729.000000	0.054263
730.000000	0.054227
731.000000	0.054191
732.000000	0.054154
733.000000	0.054118
734.000000	0.054082
735.000000	0.054046
736.000000	0.054010
737.000000	0.053974
738.000000	0.053938
739.000000	0.053902
740.000000	0.053866
741.000000	0.053830
742.000000	0.053794
743.000000	0.053758
744.000000	0.053722
745.000000	0.053686
746.000000	0.053650
747.000000	0.053614
748.000000	0.053577
749.000000	0.053541
750.000000	0.053505
751.000000	0.053469
752.000000	0.053433
753.000000	0.053397
754.000000	0.053361
755.000000	0.053325
756.000000	0.053289
757.000000	0.053253
758.000000	0.053217
759.000000	0.053181
760.000000	0.053145
761.000000	0.053109
762.000000	0.053073
763.000000	0.053036
764.000000	0.053000
765.000000	0.052964
766.000000	0.052928
767.000000	0.052892
768.000000	0.052856
769.000000	0.052820
770.000000	0.052784
771.000000	0.052748
772.000000	0.052712
773.000000	0.052676
774.000000	0.052640
775.000000	0.052604
776.000000	0.052568
777.000000	0.052532
778.000000	0.052496
779.000000	0.052459
780.000000	0.052423
781.000000	0.052387
782.000000	0.052351
783.000000	0.052315
784.000000	0.052279
785.000000	0.052243
786.000000	0.052207
787.000000	0.052171
788.000000	0.052135
789.000000	0.052099
790.000000	0.052063
791.000000	0.052027
792.000000	0.051991
793.000000	0.051955
794.000000	0.051919
795.000000	0.051882
796.000000	0.051846
797.000000	0.051810
798.000000	0.051774
799.000000	0.051738
800.000000	0.051702
801.000000	0.051676
802.000000	0.051650
803.000000	0.051624
804.000000	0.051597
805.000000	0.051571
806.000000	0.051545
807.000000	0.051519
808.000000	0.051493
809.000000	0.051466
810.000000	0.051440
811.000000	0.051414
812.000000	0.051388
813.000000	0.051362
814.000000	0.051335
815.000000	0.051309
816.000000	0.051283
817.000000	0.051257
818.000000	0.051231
819.000000	0.051204
820.000000	0.051178
821.000000	0.051152
822.000000	0.051126
823.000000	0.051100
824.000000	0.051073
825.000000	0.051047
826.000000	0.051021
827.000000	0.050995
828.000000	0.050969
829.000000	0.050942
830.000000	0.050916
831.000000	0.050890
832.000000	0.050864
833.000000	0.050838
834.000000	0.050811
835.000000	0.050785
836.000000	0.050759
837.000000	0.050733
838.000000	0.050707
839.000000	0.050681
840.000000	0.050654
841.000000	0.050628
842.000000	0.050602
843.000000	0.050576
844.000000	0.050550
845.000000	0.050523
846.000000	0.050497
847.000000	0.050471
848.000000	0.050445
849.000000	0.050419
850.000000	0.050392
851.000000	0.050366
852.000000	0.050340
853.000000	0.050314
854.000000	0.050288
855.000000	0.050261
856.000000	0.050235
857.000000	0.050209
858.000000	0.050183
859.000000	0.050157
860.000000	0.050130
861.000000	0.050104
862.000000	0.050078
863.000000	0.050052
864.000000	0.050026
865.000000	0.049999
866.000000	0.049973
867.000000	0.049947
868.000000	0.049921
869.000000	0.049895
870.000000	0.049868
871.000000	0.049842
872.000000	0.049816
873.000000	0.049790
874.000000	0.049764
875.000000	0.049737
876.000000	0.049711
877.000000	0.049685
878.000000	0.049659
879.000000	0.049633
880.000000	0.049606
881.000000	0.049580
882.000000	0.049554
883.000000	0.049528
884.000000	0.049502
885.000000	0.049476
886.000000	0.049449
887.000000	0.049423
888.000000	0.049397
889.000000	0.049371
890.000000	0.049345
891.000000	0.049318
892.000000	0.049292
893.000000	0.049266
894.000000	0.049240
895.000000	0.049214
896.000000	0.049187
897.000000	0.049161
898.000000	0.049135
899.000000	0.049109
900.000000	0.049083
901.000000	0.049056
902.000000	0.049030
903.000000	0.049004
904.000000	0.048978
905.000000	0.048952
906.000000	0.048925
907.000000	0.048899
908.000000	0.048873
909.000000	0.048847
910.000000	0.048821
911.000000	0.048794
912.000000	0.048768
913.000000	0.048742
914.000000	0.048716
915.000000	0.048690
916.000000	0.048663
917.000000	0.048637
918.000000	0.048611
919.000000	0.048585
920.000000	0.048559
921.000000	0.048532
922.000000	0.048506
923.000000	0.048480
924.000000	0.048454
925.000000	0.048428
926.000000	0.048401
927.000000	0.048375
928.000000	0.048349
929.000000	0.048323
930.000000	0.048297
931.000000	0.048271
932.000000	0.048244
933.000000	0.048218
934.000000	0.048192
935.000000	0.048166
936.000000	0.048140
937.000000	0.048113
938.000000	0.048087
939.000000	0.048061
940.000000	0.048035
941.000000	0.048009
942.000000	0.047982
943.000000	0.047956
944.000000	0.047930
945.000000	0.047904
946.000000	0.047878
947.000000	0.047851
948.000000	0.047825
949.000000	0.047799
950.000000	0.047773
951.000000	0.047747
952.000000	0.047720
953.000000	0.047694
954.000000	0.047668
955.000000	0.047642
956.000000	0.047616
957.000000	0.047589
958.000000	0.047563
959.000000	0.047537
960.000000	0.047511
961.000000	0.047485
962.000000	0.047458
963.000000	0.047432
964.000000	0.047406
965.000000	0.047380
966.000000	0.047354
967.000000	0.047327
968.000000	0.047301
969.000000	0.047275
970.000000	0.047249
971.000000	0.047223
972.000000	0.047196
973.000000	0.047170
974.000000	0.047144
975.000000	0.047118
976.000000	0.047092
977.000000	0.047066
978.000000	0.047039
979.000000	0.047013
980.000000	0.046987
981.000000	0.046961
982.000000	0.046935
983.000000	0.046908
984.000000	0.046882
985.000000	0.046856
986.000000	0.046830
987.000000	0.046804
988.000000	0.046777
989.000000	0.046751
990.000000	0.046725
991.000000	0.046699
992.000000	0.046673
993.000000	0.046646
994.000000	0.046620
995.000000	0.046594
996.000000	0.046568
997.000000	0.046542
998.000000	0.046515
999.000000	0.046489
1000.000000	0.046463