1.000000	527.955809
2.000000	75.863798
3.000000	34.692867
4.000000	17.387749
5.000000	9.199603
6.000000	5.443160
7.000000	3.905020
8.000000	2.366880
9.000000	1.805260
10.000000	1.243639
11.000000	1.075243
12.000000	0.906846
13.000000	0.738449
14.000000	0.570053
15.000000	0.401656
16.000000	0.360254
17.000000	0.318852
18.000000	0.277450
19.000000	0.236048
20.000000	0.194646
21.000000	0.183921
22.000000	0.173196
23.000000	0.162471
24.000000	0.151746
25.000000	0.141021
26.000000	0.130296
27.000000	0.119571
28.000000	0.108846
29.000000	0.098120
30.000000	0.087395
31.000000	0.084695
32.000000	0.081994
33.000000	0.079293
34.000000	0.076593
35.000000	0.073892
36.000000	0.071191
37.000000	0.068491
38.000000	0.065790
39.000000	0.063089
40.000000	0.060388
41.000000	0.059353
42.000000	0.058317
43.000000	0.057281
44.000000	0.056245
45.000000	0.055209
46.000000	0.054174
47.000000	0.053138
48.000000	0.052102
49.000000	0.051066
50.000000	0.050030
51.000000	0.049509
52.000000	0.048987
53.000000	0.048466
54.000000	0.047944
55.000000	0.047423
56.000000	0.046901
57.000000	0.046380
58.000000	0.045858
59.000000	0.045337
60.000000	0.044815
61.000000	0.044550
62.000000	0.044285
63.000000	0.044021
64.000000	0.043756
65.000000	0.043491
66.000000	0.043226
67.000000	0.042961
68.000000	0.042696
69.000000	0.042431
70.000000	0.042166
71.000000	0.041901
72.000000	0.041636
73.000000	0.041371
74.000000	0.041106
75.000000	0.040841
76.000000	0.040576
77.000000	0.040311
78.000000	0.040046
79.000000	0.039781
80.000000	0.039516
81.000000	0.039369
82.000000	0.039221
83.000000	0.039074
84.000000	0.038926
85.000000	0.038779
86.000000	0.038631
87.000000	0.038483
88.000000	0.038336
89.000000	0.038188
90.000000	0.038041
91.000000	0.037893
92.000000	0.037746
93.000000	0.037598
94.000000	0.037451
95.000000	0.037303
96.000000	0.037155
97.000000	0.037008
98.000000	0.036860
99.000000	0.036713
100.000000	0.036565
101.000000	0.036476
102.000000	0.036387
103.000000	0.036298
104.000000	0.036209
105.000000	0.036120
106.000000	0.036031
107.000000	0.035942
108.000000	0.035852
109.000000	0.035763
110.000000	0.035674
111.000000	0.035585
112.000000	0.035496
113.000000	0.035407
114.000000	0.035318
115.000000	0.035229
116.000000	0.035140
117.000000	0.035051
118.000000	0.034961
119.000000	0.034872
120.000000	0.034783
121.000000	0.034694
122.000000	0.034605
123.000000	0.034516
124.000000	0.034427
125.000000	0.034338
126.000000	0.034249
127.000000	0.034160
128.000000	0.034070
129.000000	0.033981
130.000000	0.033892
131.000000	0.033803
132.000000	0.033714
133.000000	0.033625
134.000000	0.033536
135.000000	0.033447
136.000000	0.033358
137.000000	0.033269
138.000000	0.033179
139.000000	0.033090
140.000000	0.033001
141.000000	0.032912
142.000000	0.032823
143.000000	0.032734
144.000000	0.032645
145.000000	0.032556
146.000000	0.032467
147.000000	0.032378
148.000000	0.032288
149.000000	0.032199
150.000000	0.032110
151.000000	0.032052
152.000000	0.031994
153.000000	0.031935
154.000000	0.031877
155.000000	0.031818
156.000000	0.031760
157.000000	0.031702
158.000000	0.031643
159.000000	0.031585
160.000000	0.031527
161.000000	0.031468
162.000000	0.031410
163.000000	0.031352
164.000000	0.031293
165.000000	0.031235
166.000000	0.031177
167.000000	0.031118
168.000000	0.031060
169.000000	0.031002
170.000000	0.030943
171.000000	0.030885
172.000000	0.030827
173.000000	0.030768
174.000000	0.030710
175.000000	0.030651
176.000000	0.030593
177.000000	0.030535
178.000000	0.030476
179.000000	0.030418
180.000000	0.030360
181.000000	0.030301
182.000000	0.030243
183.000000	0.030185
184.000000	0.030126
185.000000	0.030068
186.000000	0.030010
187.000000	0.029951
188.000000	0.029893
189.000000	0.029835
190.000000	0.029776
191.000000	0.029718
192.000000	0.029660
193.000000	0.029601
194.000000	0.029543
195.000000	0.029485
196.000000	0.029426
197.000000	0.029368
198.000000	0.029309
199.000000	0.029251
200.000000	0.029193
201.000000	0.029154
202.000000	0.029114
203.000000	0.029075
204.000000	0.029036
205.000000	0.028996
206.000000	0.028957
207.000000	0.028918
208.000000	0.028879
209.000000	0.028839
210.000000	0.028800
211.000000	0.028761
212.000000	0.028722
213.000000	0.028682
214.000000	0.028643
215.000000	0.028604
216.000000	0.028565
217.000000	0.028525
218.000000	0.028486
219.000000	0.028447
220.000000	0.028407
221.000000	0.028368
222.000000	0.028329
223.000000	0.028290
224.000000	0.028250
225.000000	0.028211
226.000000	0.028172
227.000000	0.028133
228.000000	0.028093
229.000000	0.028054
230.000000	0.028015
231.000000	0.027976
232.000000	0.027936
233.000000	0.027897
234.000000	0.027858
235.000000	0.027818
236.000000	0.027779
237.000000	0.027740
238.000000	0.027701
239.000000	0.027661
240.000000	0.027622
241.000000	0.027583
242.000000	0.027544
243.000000	0.027504
244.000000	0.027465
245.000000	0.027426
246.000000	0.027387
247.000000	0.027347
248.000000	0.027308
249.000000	0.027269
250.000000	0.027229
251.000000	0.027190
252.000000	0.027151
253.000000	0.027112
254.000000	0.027072
255.000000	0.027033
256.000000	0.026994
257.000000	0.026955
258.000000	0.026915
259.000000	0.026876
260.000000	0.026837
261.000000	0.026798
262.000000	0.026758
263.000000	0.026719
264.000000	0.026680
265.000000	0.026640
266.000000	0.026601
267.000000	0.026562
268.000000	0.026523
269.000000	0.026483
270.000000	0.026444
271.000000	0.026405
272.000000	0.026366
273.000000	0.026326
274.000000	0.026287
275.000000	0.026248
276.000000	0.026209
277.000000	0.026169
278.000000	0.026130
279.000000	0.026091
280.000000	0.026051
281.000000	0.026012
282.000000	0.025973
283.000000	0.025934
284.000000	0.025894
285.000000	0.025855
286.000000	0.025816
287.000000	0.025777
288.000000	0.025737
289.000000	0.025698
290.000000	0.025659
291.000000	0.025620
292.000000	0.025580
293.000000	0.025541
294.000000	0.025502
295.000000	0.025462
296.000000	0.025423
297.000000	0.025384
298.000000	0.025345
299.000000	0.025305
300.000000	0.025266
301.000000	0.025240
302.000000	0.025213
303.000000	0.025186
304.000000	0.025160
305.000000	0.025133
306.000000	0.025107
307.000000	0.025080
308.000000	0.025054
309.000000	0.025027
310.000000	0.025001
311.000000	0.024974
312.000000	0.024947
313.000000	0.024921
314.000000	0.024894
315.000000	0.024868
316.000000	0.024841
317.000000	0.024815
318.000000	0.024788
319.000000	0.024762
320.000000	0.024735
321.000000	0.024708
322.000000	0.024682
323.000000	0.024655
324.000000	0.024629
325.000000	0.024602
326.000000	0.024576
327.000000	0.024549
328.000000	0.024522
329.000000	0.024496
330.000000	0.024469
331.000000	0.024443
332.000000	0.024416
333.000000	0.024390
334.000000	0.024363
335.000000	0.024337
336.000000	0.024310
337.000000	0.024283
338.000000	0.024257
339.000000	0.024230
340.000000	0.024204
341.000000	0.024177
342.000000	0.024151
343.000000	0.024124
344.000000	0.024098
345.000000	0.024071
346.000000	0.024044
347.000000	0.024018
348.000000	0.023991
349.000000	0.023965
350.000000	0.023938
351.000000	0.023912
352.000000	0.023885
353.000000	0.023859
354.000000	0.023832
355.000000	0.023805
356.000000	0.023779
357.000000	0.023752
358.000000	0.023726
359.000000	0.023699
360.000000	0.023673
361.000000	0.023646
362.000000	0.023620
363.000000	0.023593
364.000000	0.023566
365.000000	0.023540
366.000000	0.023513
367.000000	0.023487
368.000000	0.023460
369.000000	0.023434
370.000000	0.023407
371.000000	0.023380
372.000000	0.023354
373.000000	0.023327
374.000000	0.023301
375.000000	0.023274
376.000000	0.023248
377.000000	0.023221
378.000000	0.023195
379.000000	0.023168
380.000000	0.023141
381.000000	0.023115
382.000000	0.023088
383.000000	0.023062
384.000000	0.023035
385.000000	0.023009
386.000000	0.022982
387.000000	0.022956
388.000000	0.022929
389.000000	0.022902
390.000000	0.022876
391.000000	0.022849
392.000000	0.022823
393.000000	0.022796
394.000000	0.022770
395.000000	0.022743
396.000000	0.022717
397.000000	0.022690
398.000000	0.022663
399.000000	0.022637
400.000000	0.022610
401.000000	0.022591
402.000000	0.022571
403.000000	0.022551
404.000000	0.022531
405.000000	0.022512
406.000000	0.022492
407.000000	0.022472
408.000000	0.022452
409.000000	0.022433
410.000000	0.022413
411.000000	0.022393
412.000000	0.022373
413.000000	0.022354
414.000000	0.022334
415.000000	0.022314
416.000000	0.022294
417.000000	0.022275
418.000000	0.022255
419.000000	0.022235
420.000000	0.022215
421.000000	0.022196
422.000000	0.022176
423.000000	0.022156
424.000000	0.022136
425.000000	0.022117
426.000000	0.022097
427.000000	0.022077
428.000000	0.022057
429.000000	0.022038
430.000000	0.022018
431.000000	0.021998
432.000000	0.021978
433.000000	0.021959
434.000000	0.021939
435.000000	0.021919
436.000000	0.021900
437.000000	0.021880
438.000000	0.021860
439.000000	0.021840
440.000000	0.021821
441.000000	0.021801
442.000000	0.021781
443.000000	0.021761
444.000000	0.021742
445.000000	0.021722
446.000000	0.021702
447.000000	0.021682
448.000000	0.021663
449.000000	0.021643
450.000000	0.021623
451.000000	0.021603
452.000000	0.021584
453.000000	0.021564
454.000000	0.021544
455.000000	0.021524
456.000000	0.021505
457.000000	0.021485
458.000000	0.021465
459.000000	0.021445
460.000000	0.021426
461.000000	0.021406
462.000000	0.021386
463.000000	0.021366
464.000000	0.021347
465.000000	0.021327
466.000000	0.021307
467.000000	0.021287
468.000000	0.021268
469.000000	0.021248
470.000000	0.021228
471.000000	0.021208
472.000000	0.021189
473.000000	0.021169
474.000000	0.021149
475.000000	0.021129
476.000000	0.021110
477.000000	0.021090
478.000000	0.021070
479.000000	0.021051
480.000000	0.021031
481.000000	0.021011
482.000000	0.020991
483.000000	0.020972
484.000000	0.020952
485.000000	0.020932
486.000000	0.020912
487.000000	0.020893
488.000000	0.020873
489.000000	0.020853
490.000000	0.020833
491.000000	0.020814
492.000000	0.020794
493.000000	0.020774
494.000000	0.020754
495.000000	0.020735
496.000000	0.020715
497.000000	0.020695
498.000000	0.020675
499.000000	0.020656
500.000000	0.020636
501.000000	0.020620
502.000000	0.020605
503.000000	0.020589
504.000000	0.020574
505.000000	0.020558
506.000000	0.020542
507.000000	0.020527
508.000000	0.020511
509.000000	0.020496
510.000000	0.020480
511.000000	0.020464
512.000000	0.020449
513.000000	0.020433
514.000000	0.020418
515.000000	0.020402
516.000000	0.020387
517.000000	0.020371
518.000000	0.020355
519.000000	0.020340
520.000000	0.020324
521.000000	0.020309
522.000000	0.020293
523.000000	0.020278
524.000000	0.020262
525.000000	0.020246
526.000000	0.020231
527.000000	0.020215
528.000000	0.020200
529.000000	0.020184
530.000000	0.020168
531.000000	0.020153
532.000000	0.020137
533.000000	0.020122
534.000000	0.020106
535.000000	0.020091
536.000000	0.020075
537.000000	0.020059
538.000000	0.020044
539.000000	0.020028
540.000000	0.020013
541.000000	0.019997
542.000000	0.019981
543.000000	0.019966
544.000000	0.019950
545.000000	0.019935
546.000000	0.019919
547.000000	0.019904
548.000000	0.019888
549.000000	0.019872
550.000000	0.019857
551.000000	0.019841
552.000000	0.019826
553.000000	0.019810
554.000000	0.019794
555.000000	0.019779
556.000000	0.019763
557.000000	0.019748
558.000000	0.019732
559.000000	0.019717
560.000000	0.019701
561.000000	0.019685
562.000000	0.019670
563.000000	0.019654
564.000000	0.019639
565.000000	0.019623
566.000000	0.019607
567.000000	0.019592
568.000000	0.019576
569.000000	0.019561
570.000000	0.019545
571.000000	0.019530
572.000000	0.019514
573.000000	0.019498
574.000000	0.019483
575.000000	0.019467
576.000000	0.019452
577.000000	0.019436
578.000000	0.019420
579.000000	0.019405
580.000000	0.019389
581.000000	0.019374
582.000000	0.019358
583.000000	0.019343
584.000000	0.019327
585.000000	0.019311
586.000000	0.019296
587.000000	0.019280
588.000000	0.019265
589.000000	0.019249
590.000000	0.019233
591.000000	0.019218
592.000000	0.019202
593.000000	0.019187
594.000000	0.019171
595.000000	0.019156
596.000000	0.019140
597.000000	0.019124
598.000000	0.019109
599.000000	0.019093
600.000000	0.019078
601.000000	0.019066
602.000000	0.019054
603.000000	0.019043
604.000000	0.019031
605.000000	0.019019
606.000000	0.019008
607.000000	0.018996
608.000000	0.018985
609.000000	0.018973
610.000000	0.018961
611.000000	0.018950
612.000000	0.018938
613.000000	0.018926
614.000000	0.018915
615.000000	0.018903
616.000000	0.018891
617.000000	0.018880
618.000000	0.018868
619.000000	0.018857
620.000000	0.018845
621.000000	0.018833
622.000000	0.018822
623.000000	0.018810
624.000000	0.018798
625.000000	0.018787
626.000000	0.018775
627.000000	0.018763
628.000000	0.018752
629.000000	0.018740
630.000000	0.018729
631.000000	0.018717
632.000000	0.018705
633.000000	0.018694
634.000000	0.018682
635.000000	0.018670
636.000000	0.018659
637.000000	0.018647
638.000000	0.018635
639.000000	0.018624
640.000000	0.018612
641.000000	0.018601
642.000000	0.018589
643.000000	0.018577
644.000000	0.018566
645.000000	0.018554
646.000000	0.018542
647.000000	0.018531
648.000000	0.018519
649.000000	0.018507
650.000000	0.018496
651.000000	0.018484
652.000000	0.018473
653.000000	0.018461
654.000000	0.018449
655.000000	0.018438
656.000000	0.018426
657.000000	0.018414
658.000000	0.018403
659.000000	0.018391
660.000000	0.018379
661.000000	0.018368
662.000000	0.018356
663.000000	0.018345
664.000000	0.018333
665.000000	0.018321
666.000000	0.018310
667.000000	0.018298
668.000000	0.018286
669.000000	0.018275
670.000000	0.018263
671.000000	0.018251
672.000000	0.018240
673.000000	0.018228
674.000000	0.018217
675.000000	0.018205
676.000000	0.018193
677.000000	0.018182
678.000000	0.018170
679.000000	0.018158
680.000000	0.018147
681.000000	0.018135
682.000000	0.018123
683.000000	0.018112
684.000000	0.018100
685.000000	0.018089
686.000000	0.018077
687.000000	0.018065
688.000000	0.018054
689.000000	0.018042
690.000000	0.018030
691.000000	0.018019
692.000000	0.018007
693.000000	0.017995
694.000000	0.017984
695.000000	0.017972
696.000000	0.017961
697.000000	0.017949
698.000000	0.017937
699.000000	0.017926
700.000000	0.017914
701.000000	0.017902
702.000000	0.017891
703.000000	0.017879
704.000000	0.017867
705.000000	0.017856
706.000000	0.017844
707.000000	0.017833
708.000000	0.017821
709.000000	0.017809
710.000000	0.017798
711.000000	0.017786
712.000000	0.017774
713.000000	0.017763
714.000000	0.017751
715.000000	0.017739
716.000000	0.017728
717.000000	0.017716
718.000000	0.017705
719.000000	0.017693
720.000000	0.017681
721.000000	0.017670
722.000000	0.017658
723.000000	0.017646
724.000000	0.017635
725.000000	0.017623
726.000000	0.017611
727.000000	0.017600
728.000000	0.017588
729.000000	0.017577
730.000000	0.017565
731.000000	0.017553
732.000000	0.017542
733.000000	0.017530
734.000000	0.017518
735.000000	0.017507
736.000000	0.017495
737.000000	0.017483
738.000000	0.017472
739.000000	0.017460
740.000000	0.017449
741.000000	0.017437
742.000000	0.017425
743.000000	0.017414
744.000000	0.017402
745.000000	0.017390
746.000000	0.017379
747.000000	0.017367
748.000000	0.017355
749.000000	0.017344
750.000000	0.017332
751.000000	0.017321
752.000000	0.017309
753.000000	0.017297
754.000000	0.017286
755.000000	0.017274
756.000000	0.017262
757.000000	0.017251
758.000000	0.017239
759.000000	0.017227
760.000000	0.017216
761.000000	0.017204
762.000000	0.017193
763.000000	0.017181
764.000000	0.017169
765.000000	0.017158
766.000000	0.017146
767.000000	0.017134
768.000000	0.017123
769.000000	0.017111
770.000000	0.017099
771.000000	0.017088
772.000000	0.017076
773.000000	0.017065
774.000000	0.017053
775.000000	0.017041
776.000000	0.017030
777.000000	0.017018
778.000000	0.017006
779.000000	0.016995
780.000000	0.016983
781.000000	0.016971
782.000000	0.016960
783.000000	0.016948
784.000000	0.016937
785.000000	0.016925
786.000000	0.016913
787.000000	0.016902
788.000000	0.016890
789.000000	0.016878
790.000000	0.016867
791.000000	0.016855
792.000000	0.016843
793.000000	0.016832
794.000000	0.016820
795.000000	0.016809
796.000000	0.016797
797.000000	0.016785
798.000000	0.016774
799.000000	0.016762
800.000000	0.016750
801.000000	0.016742
802.000000	0.016733
803.000000	0.016725
804.000000	0.016716
805.000000	0.016708
806.000000	0.016700
807.000000	0.016691
808.000000	0.016683
809.000000	0.016674
810.000000	0.016666
811.000000	0.016657
812.000000	0.016649
813.000000	0.016640
814.000000	0.016632
815.000000	0.016623
816.000000	0.016615
817.000000	0.016606
818.000000	0.016598
819.000000	0.016589
820.000000	0.016581
821.000000	0.016573
822.000000	0.016564
823.000000	0.016556
824.000000	0.016547
825.000000	0.016539
826.000000	0.016530
827.000000	0.016522
828.000000	0.016513
829.000000	0.016505
830.000000	0.016496
831.000000	0.016488
832.000000	0.016479
833.000000	0.016471
834.000000	0.016462
835.000000	0.016454
836.000000	0.016445
837.000000	0.016437
838.000000	0.016429
839.000000	0.016420
840.000000	0.016412
841.000000	0.016403
842.000000	0.016395
843.000000	0.016386
844.000000	0.016378
845.000000	0.016369
846.000000	0.016361
847.000000	0.016352
848.000000	0.016344
849.000000	0.016335
850.000000	0.016327
851.000000	0.016318
852.000000	0.016310
853.000000	0.016302
854.000000	0.016293
855.000000	0.016285
856.000000	0.016276
857.000000	0.016268
858.000000	0.016259
859.000000	0.016251
860.000000	0.016242
861.000000	0.016234
862.000000	0.016225
863.000000	0.016217
864.000000	0.016208
865.000000	0.016200
866.000000	0.016191
867.000000	0.016183
868.000000	0.016175
869.000000	0.016166
870.000000	0.016158
871.000000	0.016149
872.000000	0.016141
873.000000	0.016132
874.000000	0.016124
875.000000	0.016115
876.000000	0.016107
877.000000	0.016098
878.000000	0.016090
879.000000	0.016081
880.000000	0.016073
881.000000	0.016064
882.000000	0.016056
883.000000	0.016047
884.000000	0.016039
885.000000	0.016031
886.000000	0.016022
887.000000	0.016014
888.000000	0.016005
889.000000	0.015997
890.000000	0.015988
891.000000	0.015980
892.000000	0.015971
893.000000	0.015963
894.000000	0.015954
895.000000	0.015946
896.000000	0.015937
897.000000	0.015929
898.000000	0.015920
899.000000	0.015912
900.000000	0.015904
901.000000	0.015895
902.000000	0.015887
903.000000	0.015878
904.000000	0.015870
905.000000	0.015861
906.000000	0.015853
907.000000	0.015844
908.000000	0.015836
909.000000	0.015827
910.000000	0.015819
911.000000	0.015810
912.000000	0.015802
913.000000	0.015793
914.000000	0.015785
915.000000	0.015776
916.000000	0.015768
917.000000	0.015760
918.000000	0.015751
919.000000	0.015743
920.000000	0.015734
921.000000	0.015726
922.000000	0.015717
923.000000	0.015709
924.000000	0.015700
925.000000	0.015692
926.000000	0.015683
927.000000	0.015675
928.000000	0.015666
929.000000	0.015658
930.000000	0.015649
931.000000	0.015641
932.000000	0.015633
933.000000	0.015624
934.000000	0.015616
935.000000	0.015607
936.000000	0.015599
937.000000	0.015590
938.000000	0.015582
939.000000	0.015573
940.000000	0.015565
941.000000	0.015556
942.000000	0.015548
943.000000	0.015539
944.000000	0.015531
945.000000	0.015522
946.000000	0.015514
947.000000	0.015506
948.000000	0.015497
949.000000	0.015489
950.000000	0.015480
951.000000	0.015472
952.000000	0.015463
953.000000	0.015455
954.000000	0.015446
955.000000	0.015438
956.000000	0.015429
957.000000	0.015421
958.000000	0.015412
959.000000	0.015404
960.000000	0.015395
961.000000	0.015387
962.000000	0.015378
963.000000	0.015370
964.000000	0.015362
965.000000	0.015353
966.000000	0.015345
967.000000	0.015336
968.000000	0.015328
969.000000	0.015319
970.000000	0.015311
971.000000	0.015302
972.000000	0.015294
973.000000	0.015285
974.000000	0.015277
975.000000	0.015268
976.000000	0.015260
977.000000	0.015251
978.000000	0.015243
979.000000	0.015235
980.000000	0.015226
981.000000	0.015218
982.000000	0.015209
983.000000	0.015201
984.000000	0.015192
985.000000	0.015184
986.000000	0.015175
987.000000	0.015167
988.000000	0.015158
989.000000	0.015150
990.000000	0.015141
991.000000	0.015133
992.000000	0.015124
993.000000	0.015116
994.000000	0.015107
995.000000	0.015099
996.000000	0.015091
997.000000	0.015082
998.000000	0.015074
999.000000	0.015065
1000.000000	0.015057