300	1.54339888888889
301	1.54284433725897
302	1.54229528529450
303	1.54175166051259
304	1.54121339162050
305	1.54068040849234
306	1.54015264214618
307	1.53963002472175
308	1.53911248945859
309	1.53859997067479
310	1.53809240374610
311	1.53758972508556
312	1.53709187212360
313	1.53659878328859
314	1.53611039798775
315	1.53562665658856
316	1.53514750040058
317	1.53467287165759
318	1.53420271350026
319	1.53373696995902
320	1.53327558593750
321	1.53281850719616
322	1.53236568033641
323	1.53191705278494
324	1.53147257277854
325	1.53103218934911
326	1.53059585230908
327	1.53016351223709
328	1.52973512046401
329	1.52931062905923
330	1.52888999081726
331	1.52847315924462
332	1.52806008854696
333	1.52765073361650
334	1.52724505001972
335	1.52684299398530
336	1.52644452239229
337	1.52604959275859
338	1.52565816322958
339	1.52527019256707
340	1.52488564013841
341	1.52450446590587
342	1.52412663041620
343	1.52375209479044
344	1.52338082071390
345	1.52301277042638
346	1.52264790671255
347	1.52228619289256
348	1.52192759281279
349	1.52157207083686
350	1.52121959183673
351	1.52087012118408
352	1.52052362474174
353	1.52018006885538
354	1.51983942034537
355	1.51950164649871
356	1.51916671506123
357	1.51883459422985
358	1.51850525264505
359	1.51817865938346
360	1.51785478395062
361	1.51753359627382
362	1.51721506669516
363	1.51689916596468
364	1.51658586523367
365	1.51627513604804
366	1.51596695034190
367	1.51566128043122
368	1.51535809900756
369	1.51505737913206
370	1.51475909422936
371	1.51446321808182
372	1.51416972482368
373	1.51387858893545
374	1.51358978523835
375	1.51330328888889
376	1.51301907537347
377	1.51273712050320
378	1.51245740040872
379	1.51217989153515
380	1.51190457063712
381	1.51163141477394
382	1.51136040130479
383	1.51109150788403
384	1.51082471245660
385	1.51055999325350
386	1.51029732878735
387	1.51003669784802
388	1.50977807949835
389	1.50952145306996
390	1.50926679815911
391	1.50901409462262
392	1.50876332257393
393	1.50851446237917
394	1.50826749465330
395	1.50802240025637
396	1.50777916028977
397	1.50753775609261
398	1.50729816923815
399	1.50706038153027
400	1.50682437500000
401	1.50659013190216
402	1.50635763471201
403	1.50612686612195
404	1.50589780903833
405	1.50567044657827
406	1.50544476206654
407	1.50522073903253
408	1.50499836120723
409	1.50477761252025
410	1.50455847709697
411	1.50434093925563
412	1.50412498350457
413	1.50391059453945
414	1.50369775724054
415	1.50348645667005
416	1.50327667806953
417	1.50306840685725
418	1.50286162862572
419	1.50265632913916
420	1.50245249433107
421	1.50225011030179
422	1.50204916331619
423	1.50184963980126
424	1.50165152634389
425	1.50145480968858
426	1.50125947673522
427	1.50106551453691
428	1.50087291029784
429	1.50068165137116
430	1.50049172525690
431	1.50030311959992
432	1.50011582218793
433	1.49992982094950
434	1.49974510395209
435	1.49956165940019
436	1.49937947563336
437	1.49919854112448
438	1.49901884447781
439	1.49884037442728
440	1.49866311983471
441	1.49848706968804
442	1.49831221309965
443	1.49813853930466
444	1.49796603765928
445	1.49779469763919
446	1.49762450883790
447	1.49745546096522
448	1.49728754384566
449	1.49712074741693
450	1.49695506172840
451	1.49679047693964
452	1.49662698331898
453	1.49646457124200
454	1.49630323119020
455	1.49614295374955
456	1.49598372960911
457	1.49582554955973
458	1.49566840449267
459	1.49551228539830
460	1.49535718336484
461	1.49520308957703
462	1.49504999531493
463	1.49489789195266
464	1.49474677095719
465	1.49459662388715
466	1.49444744239164
467	1.49429921820908
468	1.49415194316605
469	1.49400560917617
470	1.49386020823902
471	1.49371573243900
472	1.49357217394427
473	1.49342952500570
474	1.49328777795581
475	1.49314692520776
476	1.49300695925429
477	1.49286787266678
478	1.49272965809422
479	1.49259230826225
480	1.49245581597222
481	1.49232017410022
482	1.49218537559615
483	1.49205141348285
484	1.49191828085513
485	1.49178597087895
486	1.49165447679046
487	1.49152379189523
488	1.49139390956732
489	1.49126482324848
490	1.49113652644731
491	1.49100901273846
492	1.49088227576178
493	1.49075630922160
494	1.49063110688587
495	1.49050666258545
496	1.49038297021332
497	1.49026002372383
498	1.49013781713198
499	1.49001634451267
500	1.48989560000000
501	1.48977557778654
502	1.48965627212266
503	1.48953767731583
504	1.48941978772991
505	1.48930259778453
506	1.48918610195441
507	1.48907029476870
508	1.48895517081034
509	1.48884072471544
510	1.48872695117263
511	1.48861384492247
512	1.48850140075684
513	1.48838961351831
514	1.48827847809959
515	1.48816798944293
516	1.48805814253951
517	1.48794893242894
518	1.48784035419866
519	1.48773240298336
520	1.48762507396450
521	1.48751836236972
522	1.48741226347235
523	1.48730677259084
524	1.48720188508828
525	1.48709759637188
526	1.48699390189247
527	1.48689079714398
528	1.48678827766299
529	1.48668633902823
530	1.48658497686009
531	1.48648418682016
532	1.48638396461078
533	1.48628430597454
534	1.48618520669388
535	1.48608666259062
536	1.48598866952551
537	1.48589122339780
538	1.48579432014483
539	1.48569795574158
540	1.48560212620027
541	1.48550682756995
542	1.48541205593606
543	1.48531780742007
544	1.48522407817907
545	1.48513086440535
546	1.48503816232607
547	1.48494596820283
548	1.48485427833129
549	1.48476308904085
550	1.48467239669421
551	1.48458219768710
552	1.48449248844781
553	1.48440326543692
554	1.48431452514695
555	1.48422626410194
556	1.48413847885720
557	1.48405116599892
558	1.48396432214386
559	1.48387794393899
560	1.48379202806122
561	1.48370657121705
562	1.48362157014222
563	1.48353702160148
564	1.48345292238821
565	1.48336926932414
566	1.48328605925907
567	1.48320328907054
568	1.48312095566356
569	1.48303905597030
570	1.48295758694983
571	1.48287654558782
572	1.48279592889628
573	1.48271573391324
574	1.48263595770253
575	1.48255659735350
576	1.48247764998071
577	1.48239911272373
578	1.48232098274685
579	1.48224325723882
580	1.48216593341260
581	1.48208900850513
582	1.48201247977705
583	1.48193634451247
584	1.48186060001877
585	1.48178524362627
586	1.48171027268809
587	1.48163568457987
588	1.48156147669952
589	1.48148764646706
590	1.48141419132433
591	1.48134110873480
592	1.48126839618335
593	1.48119605117603
594	1.48112407123990
595	1.48105245392275
596	1.48098119679294
597	1.48091029743918
598	1.48083975347032
599	1.48076956251515
600	1.48069972222222
601	1.48063023025961
602	1.48056108431474
603	1.48049228209423
604	1.48042382132363
605	1.48035569974729
606	1.48028791512815
607	1.48022046524756
608	1.48015334790512
609	1.48008656091846
610	1.48002010212309
611	1.47995396937220
612	1.47988816053655
613	1.47982267350420
614	1.47975750618044
615	1.47969265648754
616	1.47962812236465
617	1.47956390176758
618	1.47949999266870
619	1.47943639305670
620	1.47937310093652
621	1.47931011432913
622	1.47924743127139
623	1.47918504981591
624	1.47912296803090
625	1.47906118400000
626	1.47899969582215
627	1.47893850161143
628	1.47887759949694
629	1.47881698762262
630	1.47875666414714
631	1.47869662724375
632	1.47863687510014
633	1.47857740591831
634	1.47851821791440
635	1.47845930931862
636	1.47840067837506
637	1.47834232334161
638	1.47828424248976
639	1.47822643410454
640	1.47816889648437
641	1.47811162794094
642	1.47805462679904
643	1.47799789139652
644	1.47794142008410
645	1.47788521122529
646	1.47782926319623
647	1.47777357438564
648	1.47771814319464
649	1.47766296803664
650	1.47760804733728
651	1.47755337953426
652	1.47749896307727
653	1.47744479642784
654	1.47739087805927
655	1.47733720645650
656	1.47728378011600
657	1.47723059754569
658	1.47717765726481
659	1.47712495780382
660	1.47707249770432
661	1.47702027551892
662	1.47696828981116
663	1.47691653915540
664	1.47686502213674
665	1.47681373735090
666	1.47676268340412
667	1.47671185891312
668	1.47666126250493
669	1.47661089281685
670	1.47656074849632
671	1.47651082820090
672	1.47646113059807
673	1.47641165436525
674	1.47636239818965
675	1.47631336076818
676	1.47626454080739
677	1.47621593702340
678	1.47616754814177
679	1.47611937289742
680	1.47607141003460
681	1.47602365830676
682	1.47597611647647
683	1.47592878331536
684	1.47588165760405
685	1.47583473813203
686	1.47578802369761
687	1.47574151310785
688	1.47569520517847
689	1.47564909873378
690	1.47560319260660
691	1.47555748563817
692	1.47551197667814
693	1.47546666458441
694	1.47542154822314
695	1.47537662646861
696	1.47533189820320
697	1.47528736231729
698	1.47524301770921
699	1.47519886328518
700	1.47515489795918
701	1.47511112065299
702	1.47506753029602
703	1.47502412582531
704	1.47498090618543
705	1.47493787032845
706	1.47489501721384
707	1.47485234580843
708	1.47480985508634
709	1.47476754402892
710	1.47472541162468
711	1.47468345686925
712	1.47464167876531
713	1.47460007632251
714	1.47455864855746
715	1.47451739449362
716	1.47447631316126
717	1.47443540359743
718	1.47439466484587
719	1.47435409595695
720	1.47431369598765
721	1.47427346400149
722	1.47423339906845
723	1.47419350026496
724	1.47415376667379
725	1.47411419738407
726	1.47407479149117
727	1.47403554809670
728	1.47399646630842
729	1.47395754524021
730	1.47391878401201
731	1.47388018174979
732	1.47384173758548
733	1.47380345065691
734	1.47376532010780
735	1.47372734508769
736	1.47368952475189
737	1.47365185826143
738	1.47361434478301
739	1.47357698348901
740	1.47353977355734
741	1.47350271417150
742	1.47346580452046
743	1.47342904379865
744	1.47339243120592
745	1.47335596594748
746	1.47331964723386
747	1.47328347428088
748	1.47324744630959
749	1.47321156254623
750	1.47317582222222
751	1.47314022457407
752	1.47310476884337
753	1.47306945427674
754	1.47303428012580
755	1.47299924564712
756	1.47296435010218
757	1.47292959275734
758	1.47289497288379
759	1.47286048975752
760	1.47282614265928
761	1.47279193087455
762	1.47275785369349
763	1.47272391041089
764	1.47269010032620
765	1.47265642274339
766	1.47262287697101
767	1.47258946232209
768	1.47255617811415
769	1.47252302366913
770	1.47248999831338
771	1.47245710137760
772	1.47242433219684
773	1.47239169011044
774	1.47235917446200
775	1.47232678459938
776	1.47229451987459
777	1.47226237964385
778	1.47223036326749
779	1.47219847010996
780	1.47216669953978
781	1.47213505092949
782	1.47210352365565
783	1.47207211709882
784	1.47204083064348
785	1.47200966367804
786	1.47197861559479
787	1.47194768578989
788	1.47191687366333
789	1.47188617861887
790	1.47185560006409
791	1.47182513741028
792	1.47179479007244
793	1.47176455746928
794	1.47173443902315
795	1.47170443416004
796	1.47167454230954
797	1.47164476290481
798	1.47161509538257
799	1.47158553918305
800	1.47155609375000