1.000000	608.570008
2.000000	86.593948
3.000000	32.979912
4.000000	15.657543
5.000000	8.168679
6.000000	4.785037
7.000000	3.420411
8.000000	2.055786
9.000000	1.565731
10.000000	1.075676
11.000000	0.931006
12.000000	0.786336
13.000000	0.641666
14.000000	0.496997
15.000000	0.352327
16.000000	0.317292
17.000000	0.282257
18.000000	0.247221
19.000000	0.212186
20.000000	0.177151
21.000000	0.168124
22.000000	0.159096
23.000000	0.150069
24.000000	0.141042
25.000000	0.132015
26.000000	0.122987
27.000000	0.113960
28.000000	0.104933
29.000000	0.095906
30.000000	0.086878
31.000000	0.084583
32.000000	0.082288
33.000000	0.079993
34.000000	0.077697
35.000000	0.075402
36.000000	0.073107
37.000000	0.070812
38.000000	0.068517
39.000000	0.066221
40.000000	0.063926
41.000000	0.063022
42.000000	0.062118
43.000000	0.061215
44.000000	0.060311
45.000000	0.059407
46.000000	0.058503
47.000000	0.057599
48.000000	0.056695
49.000000	0.055791
50.000000	0.054888
51.000000	0.054414
52.000000	0.053940
53.000000	0.053466
54.000000	0.052992
55.000000	0.052518
56.000000	0.052044
57.000000	0.051571
58.000000	0.051097
59.000000	0.050623
60.000000	0.050149
61.000000	0.049893
62.000000	0.049638
63.000000	0.049383
64.000000	0.049127
65.000000	0.048872
66.000000	0.048616
67.000000	0.048361
68.000000	0.048105
69.000000	0.047850
70.000000	0.047594
71.000000	0.047339
72.000000	0.047083
73.000000	0.046828
74.000000	0.046572
75.000000	0.046317
76.000000	0.046061
77.000000	0.045806
78.000000	0.045550
79.000000	0.045295
80.000000	0.045039
81.000000	0.044886
82.000000	0.044734
83.000000	0.044581
84.000000	0.044428
85.000000	0.044276
86.000000	0.044123
87.000000	0.043970
88.000000	0.043817
89.000000	0.043665
90.000000	0.043512
91.000000	0.043359
92.000000	0.043207
93.000000	0.043054
94.000000	0.042901
95.000000	0.042748
96.000000	0.042596
97.000000	0.042443
98.000000	0.042290
99.000000	0.042137
100.000000	0.041985
101.000000	0.041887
102.000000	0.041789
103.000000	0.041691
104.000000	0.041593
105.000000	0.041495
106.000000	0.041398
107.000000	0.041300
108.000000	0.041202
109.000000	0.041104
110.000000	0.041006
111.000000	0.040908
112.000000	0.040810
113.000000	0.040713
114.000000	0.040615
115.000000	0.040517
116.000000	0.040419
117.000000	0.040321
118.000000	0.040223
119.000000	0.040125
120.000000	0.040028
121.000000	0.039930
122.000000	0.039832
123.000000	0.039734
124.000000	0.039636
125.000000	0.039538
126.000000	0.039440
127.000000	0.039343
128.000000	0.039245
129.000000	0.039147
130.000000	0.039049
131.000000	0.038951
132.000000	0.038853
133.000000	0.038755
134.000000	0.038658
135.000000	0.038560
136.000000	0.038462
137.000000	0.038364
138.000000	0.038266
139.000000	0.038168
140.000000	0.038070
141.000000	0.037973
142.000000	0.037875
143.000000	0.037777
144.000000	0.037679
145.000000	0.037581
146.000000	0.037483
147.000000	0.037385
148.000000	0.037288
149.000000	0.037190
150.000000	0.037092
151.000000	0.037026
152.000000	0.036959
153.000000	0.036893
154.000000	0.036827
155.000000	0.036760
156.000000	0.036694
157.000000	0.036628
158.000000	0.036562
159.000000	0.036495
160.000000	0.036429
161.000000	0.036363
162.000000	0.036296
163.000000	0.036230
164.000000	0.036164
165.000000	0.036098
166.000000	0.036031
167.000000	0.035965
168.000000	0.035899
169.000000	0.035832
170.000000	0.035766
171.000000	0.035700
172.000000	0.035634
173.000000	0.035567
174.000000	0.035501
175.000000	0.035435
176.000000	0.035368
177.000000	0.035302
178.000000	0.035236
179.000000	0.035170
180.000000	0.035103
181.000000	0.035037
182.000000	0.034971
183.000000	0.034904
184.000000	0.034838
185.000000	0.034772
186.000000	0.034706
187.000000	0.034639
188.000000	0.034573
189.000000	0.034507
190.000000	0.034440
191.000000	0.034374
192.000000	0.034308
193.000000	0.034242
194.000000	0.034175
195.000000	0.034109
196.000000	0.034043
197.000000	0.033976
198.000000	0.033910
199.000000	0.033844
200.000000	0.033778
201.000000	0.033732
202.000000	0.033687
203.000000	0.033642
204.000000	0.033597
205.000000	0.033552
206.000000	0.033507
207.000000	0.033462
208.000000	0.033416
209.000000	0.033371
210.000000	0.033326
211.000000	0.033281
212.000000	0.033236
213.000000	0.033191
214.000000	0.033146
215.000000	0.033101
216.000000	0.033055
217.000000	0.033010
218.000000	0.032965
219.000000	0.032920
220.000000	0.032875
221.000000	0.032830
222.000000	0.032785
223.000000	0.032739
224.000000	0.032694
225.000000	0.032649
226.000000	0.032604
227.000000	0.032559
228.000000	0.032514
229.000000	0.032469
230.000000	0.032423
231.000000	0.032378
232.000000	0.032333
233.000000	0.032288
234.000000	0.032243
235.000000	0.032198
236.000000	0.032153
237.000000	0.032107
238.000000	0.032062
239.000000	0.032017
240.000000	0.031972
241.000000	0.031927
242.000000	0.031882
243.000000	0.031837
244.000000	0.031792
245.000000	0.031746
246.000000	0.031701
247.000000	0.031656
248.000000	0.031611
249.000000	0.031566
250.000000	0.031521
251.000000	0.031476
252.000000	0.031430
253.000000	0.031385
254.000000	0.031340
255.000000	0.031295
256.000000	0.031250
257.000000	0.031205
258.000000	0.031160
259.000000	0.031114
260.000000	0.031069
261.000000	0.031024
262.000000	0.030979
263.000000	0.030934
264.000000	0.030889
265.000000	0.030844
266.000000	0.030798
267.000000	0.030753
268.000000	0.030708
269.000000	0.030663
270.000000	0.030618
271.000000	0.030573
272.000000	0.030528
273.000000	0.030482
274.000000	0.030437
275.000000	0.030392
276.000000	0.030347
277.000000	0.030302
278.000000	0.030257
279.000000	0.030212
280.000000	0.030167
281.000000	0.030121
282.000000	0.030076
283.000000	0.030031
284.000000	0.029986
285.000000	0.029941
286.000000	0.029896
287.000000	0.029851
288.000000	0.029805
289.000000	0.029760
290.000000	0.029715
291.000000	0.029670
292.000000	0.029625
293.000000	0.029580
294.000000	0.029535
295.000000	0.029489
296.000000	0.029444
297.000000	0.029399
298.000000	0.029354
299.000000	0.029309
300.000000	0.029264
301.000000	0.029233
302.000000	0.029202
303.000000	0.029172
304.000000	0.029141
305.000000	0.029110
306.000000	0.029080
307.000000	0.029049
308.000000	0.029018
309.000000	0.028988
310.000000	0.028957
311.000000	0.028926
312.000000	0.028896
313.000000	0.028865
314.000000	0.028834
315.000000	0.028804
316.000000	0.028773
317.000000	0.028742
318.000000	0.028712
319.000000	0.028681
320.000000	0.028650
321.000000	0.028619
322.000000	0.028589
323.000000	0.028558
324.000000	0.028527
325.000000	0.028497
326.000000	0.028466
327.000000	0.028435
328.000000	0.028405
329.000000	0.028374
330.000000	0.028343
331.000000	0.028313
332.000000	0.028282
333.000000	0.028251
334.000000	0.028221
335.000000	0.028190
336.000000	0.028159
337.000000	0.028129
338.000000	0.028098
339.000000	0.028067
340.000000	0.028037
341.000000	0.028006
342.000000	0.027975
343.000000	0.027945
344.000000	0.027914
345.000000	0.027883
346.000000	0.027853
347.000000	0.027822
348.000000	0.027791
349.000000	0.027760
350.000000	0.027730
351.000000	0.027699
352.000000	0.027668
353.000000	0.027638
354.000000	0.027607
355.000000	0.027576
356.000000	0.027546
357.000000	0.027515
358.000000	0.027484
359.000000	0.027454
360.000000	0.027423
361.000000	0.027392
362.000000	0.027362
363.000000	0.027331
364.000000	0.027300
365.000000	0.027270
366.000000	0.027239
367.000000	0.027208
368.000000	0.027178
369.000000	0.027147
370.000000	0.027116
371.000000	0.027086
372.000000	0.027055
373.000000	0.027024
374.000000	0.026993
375.000000	0.026963
376.000000	0.026932
377.000000	0.026901
378.000000	0.026871
379.000000	0.026840
380.000000	0.026809
381.000000	0.026779
382.000000	0.026748
383.000000	0.026717
384.000000	0.026687
385.000000	0.026656
386.000000	0.026625
387.000000	0.026595
388.000000	0.026564
389.000000	0.026533
390.000000	0.026503
391.000000	0.026472
392.000000	0.026441
393.000000	0.026411
394.000000	0.026380
395.000000	0.026349
396.000000	0.026319
397.000000	0.026288
398.000000	0.026257
399.000000	0.026227
400.000000	0.026196
401.000000	0.026173
402.000000	0.026150
403.000000	0.026127
404.000000	0.026104
405.000000	0.026082
406.000000	0.026059
407.000000	0.026036
408.000000	0.026013
409.000000	0.025990
410.000000	0.025967
411.000000	0.025945
412.000000	0.025922
413.000000	0.025899
414.000000	0.025876
415.000000	0.025853
416.000000	0.025830
417.000000	0.025808
418.000000	0.025785
419.000000	0.025762
420.000000	0.025739
421.000000	0.025716
422.000000	0.025693
423.000000	0.025670
424.000000	0.025648
425.000000	0.025625
426.000000	0.025602
427.000000	0.025579
428.000000	0.025556
429.000000	0.025533
430.000000	0.025511
431.000000	0.025488
432.000000	0.025465
433.000000	0.025442
434.000000	0.025419
435.000000	0.025396
436.000000	0.025374
437.000000	0.025351
438.000000	0.025328
439.000000	0.025305
440.000000	0.025282
441.000000	0.025259
442.000000	0.025236
443.000000	0.025214
444.000000	0.025191
445.000000	0.025168
446.000000	0.025145
447.000000	0.025122
448.000000	0.025099
449.000000	0.025077
450.000000	0.025054
451.000000	0.025031
452.000000	0.025008
453.000000	0.024985
454.000000	0.024962
455.000000	0.024940
456.000000	0.024917
457.000000	0.024894
458.000000	0.024871
459.000000	0.024848
460.000000	0.024825
461.000000	0.024802
462.000000	0.024780
463.000000	0.024757
464.000000	0.024734
465.000000	0.024711
466.000000	0.024688
467.000000	0.024665
468.000000	0.024643
469.000000	0.024620
470.000000	0.024597
471.000000	0.024574
472.000000	0.024551
473.000000	0.024528
474.000000	0.024506
475.000000	0.024483
476.000000	0.024460
477.000000	0.024437
478.000000	0.024414
479.000000	0.024391
480.000000	0.024368
481.000000	0.024346
482.000000	0.024323
483.000000	0.024300
484.000000	0.024277
485.000000	0.024254
486.000000	0.024231
487.000000	0.024209
488.000000	0.024186
489.000000	0.024163
490.000000	0.024140
491.000000	0.024117
492.000000	0.024094
493.000000	0.024072
494.000000	0.024049
495.000000	0.024026
496.000000	0.024003
497.000000	0.023980
498.000000	0.023957
499.000000	0.023934
500.000000	0.023912
501.000000	0.023894
502.000000	0.023876
503.000000	0.023858
504.000000	0.023839
505.000000	0.023821
506.000000	0.023803
507.000000	0.023785
508.000000	0.023767
509.000000	0.023749
510.000000	0.023731
511.000000	0.023713
512.000000	0.023695
513.000000	0.023677
514.000000	0.023659
515.000000	0.023641
516.000000	0.023623
517.000000	0.023605
518.000000	0.023587
519.000000	0.023569
520.000000	0.023551
521.000000	0.023533
522.000000	0.023515
523.000000	0.023497
524.000000	0.023479
525.000000	0.023461
526.000000	0.023443
527.000000	0.023424
528.000000	0.023406
529.000000	0.023388
530.000000	0.023370
531.000000	0.023352
532.000000	0.023334
533.000000	0.023316
534.000000	0.023298
535.000000	0.023280
536.000000	0.023262
537.000000	0.023244
538.000000	0.023226
539.000000	0.023208
540.000000	0.023190
541.000000	0.023172
542.000000	0.023154
543.000000	0.023136
544.000000	0.023118
545.000000	0.023100
546.000000	0.023082
547.000000	0.023064
548.000000	0.023046
549.000000	0.023028
550.000000	0.023009
551.000000	0.022991
552.000000	0.022973
553.000000	0.022955
554.000000	0.022937
555.000000	0.022919
556.000000	0.022901
557.000000	0.022883
558.000000	0.022865
559.000000	0.022847
560.000000	0.022829
561.000000	0.022811
562.000000	0.022793
563.000000	0.022775
564.000000	0.022757
565.000000	0.022739
566.000000	0.022721
567.000000	0.022703
568.000000	0.022685
569.000000	0.022667
570.000000	0.022649
571.000000	0.022631
572.000000	0.022613
573.000000	0.022595
574.000000	0.022576
575.000000	0.022558
576.000000	0.022540
577.000000	0.022522
578.000000	0.022504
579.000000	0.022486
580.000000	0.022468
581.000000	0.022450
582.000000	0.022432
583.000000	0.022414
584.000000	0.022396
585.000000	0.022378
586.000000	0.022360
587.000000	0.022342
588.000000	0.022324
589.000000	0.022306
590.000000	0.022288
591.000000	0.022270
592.000000	0.022252
593.000000	0.022234
594.000000	0.022216
595.000000	0.022198
596.000000	0.022180
597.000000	0.022161
598.000000	0.022143
599.000000	0.022125
600.000000	0.022107
601.000000	0.022094
602.000000	0.022080
603.000000	0.022067
604.000000	0.022053
605.000000	0.022040
606.000000	0.022026
607.000000	0.022013
608.000000	0.022000
609.000000	0.021986
610.000000	0.021973
611.000000	0.021959
612.000000	0.021946
613.000000	0.021932
614.000000	0.021919
615.000000	0.021905
616.000000	0.021892
617.000000	0.021878
618.000000	0.021865
619.000000	0.021851
620.000000	0.021838
621.000000	0.021824
622.000000	0.021811
623.000000	0.021797
624.000000	0.021784
625.000000	0.021770
626.000000	0.021757
627.000000	0.021743
628.000000	0.021730
629.000000	0.021717
630.000000	0.021703
631.000000	0.021690
632.000000	0.021676
633.000000	0.021663
634.000000	0.021649
635.000000	0.021636
636.000000	0.021622
637.000000	0.021609
638.000000	0.021595
639.000000	0.021582
640.000000	0.021568
641.000000	0.021555
642.000000	0.021541
643.000000	0.021528
644.000000	0.021514
645.000000	0.021501
646.000000	0.021487
647.000000	0.021474
648.000000	0.021460
649.000000	0.021447
650.000000	0.021433
651.000000	0.021420
652.000000	0.021407
653.000000	0.021393
654.000000	0.021380
655.000000	0.021366
656.000000	0.021353
657.000000	0.021339
658.000000	0.021326
659.000000	0.021312
660.000000	0.021299
661.000000	0.021285
662.000000	0.021272
663.000000	0.021258
664.000000	0.021245
665.000000	0.021231
666.000000	0.021218
667.000000	0.021204
668.000000	0.021191
669.000000	0.021177
670.000000	0.021164
671.000000	0.021150
672.000000	0.021137
673.000000	0.021123
674.000000	0.021110
675.000000	0.021097
676.000000	0.021083
677.000000	0.021070
678.000000	0.021056
679.000000	0.021043
680.000000	0.021029
681.000000	0.021016
682.000000	0.021002
683.000000	0.020989
684.000000	0.020975
685.000000	0.020962
686.000000	0.020948
687.000000	0.020935
688.000000	0.020921
689.000000	0.020908
690.000000	0.020894
691.000000	0.020881
692.000000	0.020867
693.000000	0.020854
694.000000	0.020840
695.000000	0.020827
696.000000	0.020813
697.000000	0.020800
698.000000	0.020787
699.000000	0.020773
700.000000	0.020760
701.000000	0.020746
702.000000	0.020733
703.000000	0.020719
704.000000	0.020706
705.000000	0.020692
706.000000	0.020679
707.000000	0.020665
708.000000	0.020652
709.000000	0.020638
710.000000	0.020625
711.000000	0.020611
712.000000	0.020598
713.000000	0.020584
714.000000	0.020571
715.000000	0.020557
716.000000	0.020544
717.000000	0.020530
718.000000	0.020517
719.000000	0.020503
720.000000	0.020490
721.000000	0.020477
722.000000	0.020463
723.000000	0.020450
724.000000	0.020436
725.000000	0.020423
726.000000	0.020409
727.000000	0.020396
728.000000	0.020382
729.000000	0.020369
730.000000	0.020355
731.000000	0.020342
732.000000	0.020328
733.000000	0.020315
734.000000	0.020301
735.000000	0.020288
736.000000	0.020274
737.000000	0.020261
738.000000	0.020247
739.000000	0.020234
740.000000	0.020220
741.000000	0.020207
742.000000	0.020193
743.000000	0.020180
744.000000	0.020167
745.000000	0.020153
746.000000	0.020140
747.000000	0.020126
748.000000	0.020113
749.000000	0.020099
750.000000	0.020086
751.000000	0.020072
752.000000	0.020059
753.000000	0.020045
754.000000	0.020032
755.000000	0.020018
756.000000	0.020005
757.000000	0.019991
758.000000	0.019978
759.000000	0.019964
760.000000	0.019951
761.000000	0.019937
762.000000	0.019924
763.000000	0.019910
764.000000	0.019897
765.000000	0.019883
766.000000	0.019870
767.000000	0.019857
768.000000	0.019843
769.000000	0.019830
770.000000	0.019816
771.000000	0.019803
772.000000	0.019789
773.000000	0.019776
774.000000	0.019762
775.000000	0.019749
776.000000	0.019735
777.000000	0.019722
778.000000	0.019708
779.000000	0.019695
780.000000	0.019681
781.000000	0.019668
782.000000	0.019654
783.000000	0.019641
784.000000	0.019627
785.000000	0.019614
786.000000	0.019600
787.000000	0.019587
788.000000	0.019573
789.000000	0.019560
790.000000	0.019547
791.000000	0.019533
792.000000	0.019520
793.000000	0.019506
794.000000	0.019493
795.000000	0.019479
796.000000	0.019466
797.000000	0.019452
798.000000	0.019439
799.000000	0.019425
800.000000	0.019412
801.000000	0.019402
802.000000	0.019392
803.000000	0.019382
804.000000	0.019373
805.000000	0.019363
806.000000	0.019353
807.000000	0.019343
808.000000	0.019333
809.000000	0.019323
810.000000	0.019314
811.000000	0.019304
812.000000	0.019294
813.000000	0.019284
814.000000	0.019274
815.000000	0.019265
816.000000	0.019255
817.000000	0.019245
818.000000	0.019235
819.000000	0.019225
820.000000	0.019216
821.000000	0.019206
822.000000	0.019196
823.000000	0.019186
824.000000	0.019176
825.000000	0.019166
826.000000	0.019157
827.000000	0.019147
828.000000	0.019137
829.000000	0.019127
830.000000	0.019117
831.000000	0.019108
832.000000	0.019098
833.000000	0.019088
834.000000	0.019078
835.000000	0.019068
836.000000	0.019059
837.000000	0.019049
838.000000	0.019039
839.000000	0.019029
840.000000	0.019019
841.000000	0.019010
842.000000	0.019000
843.000000	0.018990
844.000000	0.018980
845.000000	0.018970
846.000000	0.018960
847.000000	0.018951
848.000000	0.018941
849.000000	0.018931
850.000000	0.018921
851.000000	0.018911
852.000000	0.018902
853.000000	0.018892
854.000000	0.018882
855.000000	0.018872
856.000000	0.018862
857.000000	0.018853
858.000000	0.018843
859.000000	0.018833
860.000000	0.018823
861.000000	0.018813
862.000000	0.018803
863.000000	0.018794
864.000000	0.018784
865.000000	0.018774
866.000000	0.018764
867.000000	0.018754
868.000000	0.018745
869.000000	0.018735
870.000000	0.018725
871.000000	0.018715
872.000000	0.018705
873.000000	0.018696
874.000000	0.018686
875.000000	0.018676
876.000000	0.018666
877.000000	0.018656
878.000000	0.018647
879.000000	0.018637
880.000000	0.018627
881.000000	0.018617
882.000000	0.018607
883.000000	0.018597
884.000000	0.018588
885.000000	0.018578
886.000000	0.018568
887.000000	0.018558
888.000000	0.018548
889.000000	0.018539
890.000000	0.018529
891.000000	0.018519
892.000000	0.018509
893.000000	0.018499
894.000000	0.018490
895.000000	0.018480
896.000000	0.018470
897.000000	0.018460
898.000000	0.018450
899.000000	0.018440
900.000000	0.018431
901.000000	0.018421
902.000000	0.018411
903.000000	0.018401
904.000000	0.018391
905.000000	0.018382
906.000000	0.018372
907.000000	0.018362
908.000000	0.018352
909.000000	0.018342
910.000000	0.018333
911.000000	0.018323
912.000000	0.018313
913.000000	0.018303
914.000000	0.018293
915.000000	0.018284
916.000000	0.018274
917.000000	0.018264
918.000000	0.018254
919.000000	0.018244
920.000000	0.018234
921.000000	0.018225
922.000000	0.018215
923.000000	0.018205
924.000000	0.018195
925.000000	0.018185
926.000000	0.018176
927.000000	0.018166
928.000000	0.018156
929.000000	0.018146
930.000000	0.018136
931.000000	0.018127
932.000000	0.018117
933.000000	0.018107
934.000000	0.018097
935.000000	0.018087
936.000000	0.018077
937.000000	0.018068
938.000000	0.018058
939.000000	0.018048
940.000000	0.018038
941.000000	0.018028
942.000000	0.018019
943.000000	0.018009
944.000000	0.017999
945.000000	0.017989
946.000000	0.017979
947.000000	0.017970
948.000000	0.017960
949.000000	0.017950
950.000000	0.017940
951.000000	0.017930
952.000000	0.017921
953.000000	0.017911
954.000000	0.017901
955.000000	0.017891
956.000000	0.017881
957.000000	0.017871
958.000000	0.017862
959.000000	0.017852
960.000000	0.017842
961.000000	0.017832
962.000000	0.017822
963.000000	0.017813
964.000000	0.017803
965.000000	0.017793
966.000000	0.017783
967.000000	0.017773
968.000000	0.017764
969.000000	0.017754
970.000000	0.017744
971.000000	0.017734
972.000000	0.017724
973.000000	0.017714
974.000000	0.017705
975.000000	0.017695
976.000000	0.017685
977.000000	0.017675
978.000000	0.017665
979.000000	0.017656
980.000000	0.017646
981.000000	0.017636
982.000000	0.017626
983.000000	0.017616
984.000000	0.017607
985.000000	0.017597
986.000000	0.017587
987.000000	0.017577
988.000000	0.017567
989.000000	0.017558
990.000000	0.017548
991.000000	0.017538
992.000000	0.017528
993.000000	0.017518
994.000000	0.017508
995.000000	0.017499
996.000000	0.017489
997.000000	0.017479
998.000000	0.017469
999.000000	0.017459
1000.000000	0.017450