1.000000	1596.497869
2.000000	234.078682
3.000000	140.745273
4.000000	64.176714
5.000000	74.188325
6.000000	45.193282
7.000000	32.819481
8.000000	20.445680
9.000000	15.692606
10.000000	10.939533
11.000000	9.447989
12.000000	7.956444
13.000000	6.464900
14.000000	4.973356
15.000000	3.481811
16.000000	3.098437
17.000000	2.715064
18.000000	2.331690
19.000000	1.948316
20.000000	1.564942
21.000000	1.463397
22.000000	1.361853
23.000000	1.260308
24.000000	1.158763
25.000000	1.057219
26.000000	0.955674
27.000000	0.854130
28.000000	0.752585
29.000000	0.651041
30.000000	0.549496
31.000000	0.524117
32.000000	0.498737
33.000000	0.473358
34.000000	0.447978
35.000000	0.422599
36.000000	0.397220
37.000000	0.371840
38.000000	0.346461
39.000000	0.321081
40.000000	0.295702
41.000000	0.286426
42.000000	0.277149
43.000000	0.267873
44.000000	0.258597
45.000000	0.249320
46.000000	0.240044
47.000000	0.230768
48.000000	0.221491
49.000000	0.212215
50.000000	0.202938
51.000000	0.198670
52.000000	0.194402
53.000000	0.190134
54.000000	0.185866
55.000000	0.181598
56.000000	0.177330
57.000000	0.173062
58.000000	0.168793
59.000000	0.164525
60.000000	0.160257
61.000000	0.158406
62.000000	0.156555
63.000000	0.154704
64.000000	0.152853
65.000000	0.151001
66.000000	0.149150
67.000000	0.147299
68.000000	0.145448
69.000000	0.143597
70.000000	0.141746
71.000000	0.139895
72.000000	0.138043
73.000000	0.136192
74.000000	0.134341
75.000000	0.132490
76.000000	0.130639
77.000000	0.128788
78.000000	0.126936
79.000000	0.125085
80.000000	0.123234
81.000000	0.122432
82.000000	0.121630
83.000000	0.120828
84.000000	0.120025
85.000000	0.119223
86.000000	0.118421
87.000000	0.117619
88.000000	0.116817
89.000000	0.116014
90.000000	0.115212
91.000000	0.114410
92.000000	0.113608
93.000000	0.112806
94.000000	0.112003
95.000000	0.111201
96.000000	0.110399
97.000000	0.109597
98.000000	0.108795
99.000000	0.107992
100.000000	0.107190
101.000000	0.106831
102.000000	0.106471
103.000000	0.106111
104.000000	0.105752
105.000000	0.105392
106.000000	0.105033
107.000000	0.104673
108.000000	0.104314
109.000000	0.103954
110.000000	0.103594
111.000000	0.103235
112.000000	0.102875
113.000000	0.102516
114.000000	0.102156
115.000000	0.101796
116.000000	0.101437
117.000000	0.101077
118.000000	0.100718
119.000000	0.100358
120.000000	0.099998
121.000000	0.099639
122.000000	0.099279
123.000000	0.098920
124.000000	0.098560
125.000000	0.098200
126.000000	0.097841
127.000000	0.097481
128.000000	0.097122
129.000000	0.096762
130.000000	0.096402
131.000000	0.096043
132.000000	0.095683
133.000000	0.095324
134.000000	0.094964
135.000000	0.094604
136.000000	0.094245
137.000000	0.093885
138.000000	0.093526
139.000000	0.093166
140.000000	0.092806
141.000000	0.092447
142.000000	0.092087
143.000000	0.091728
144.000000	0.091368
145.000000	0.091008
146.000000	0.090649
147.000000	0.090289
148.000000	0.089930
149.000000	0.089570
150.000000	0.089210
151.000000	0.089024
152.000000	0.088837
153.000000	0.088650
154.000000	0.088463
155.000000	0.088277
156.000000	0.088090
157.000000	0.087903
158.000000	0.087717
159.000000	0.087530
160.000000	0.087343
161.000000	0.087156
162.000000	0.086970
163.000000	0.086783
164.000000	0.086596
165.000000	0.086409
166.000000	0.086223
167.000000	0.086036
168.000000	0.085849
169.000000	0.085662
170.000000	0.085476
171.000000	0.085289
172.000000	0.085102
173.000000	0.084915
174.000000	0.084729
175.000000	0.084542
176.000000	0.084355
177.000000	0.084168
178.000000	0.083982
179.000000	0.083795
180.000000	0.083608
181.000000	0.083421
182.000000	0.083235
183.000000	0.083048
184.000000	0.082861
185.000000	0.082675
186.000000	0.082488
187.000000	0.082301
188.000000	0.082114
189.000000	0.081928
190.000000	0.081741
191.000000	0.081554
192.000000	0.081367
193.000000	0.081181
194.000000	0.080994
195.000000	0.080807
196.000000	0.080620
197.000000	0.080434
198.000000	0.080247
199.000000	0.080060
200.000000	0.079873
201.000000	0.079760
202.000000	0.079646
203.000000	0.079532
204.000000	0.079418
205.000000	0.079305
206.000000	0.079191
207.000000	0.079077
208.000000	0.078963
209.000000	0.078850
210.000000	0.078736
211.000000	0.078622
212.000000	0.078508
213.000000	0.078395
214.000000	0.078281
215.000000	0.078167
216.000000	0.078053
217.000000	0.077940
218.000000	0.077826
219.000000	0.077712
220.000000	0.077598
221.000000	0.077485
222.000000	0.077371
223.000000	0.077257
224.000000	0.077143
225.000000	0.077029
226.000000	0.076916
227.000000	0.076802
228.000000	0.076688
229.000000	0.076574
230.000000	0.076461
231.000000	0.076347
232.000000	0.076233
233.000000	0.076119
234.000000	0.076006
235.000000	0.075892
236.000000	0.075778
237.000000	0.075664
238.000000	0.075551
239.000000	0.075437
240.000000	0.075323
241.000000	0.075209
242.000000	0.075096
243.000000	0.074982
244.000000	0.074868
245.000000	0.074754
246.000000	0.074641
247.000000	0.074527
248.000000	0.074413
249.000000	0.074299
250.000000	0.074186
251.000000	0.074072
252.000000	0.073958
253.000000	0.073844
254.000000	0.073731
255.000000	0.073617
256.000000	0.073503
257.000000	0.073389
258.000000	0.073275
259.000000	0.073162
260.000000	0.073048
261.000000	0.072934
262.000000	0.072820
263.000000	0.072707
264.000000	0.072593
265.000000	0.072479
266.000000	0.072365
267.000000	0.072252
268.000000	0.072138
269.000000	0.072024
270.000000	0.071910
271.000000	0.071797
272.000000	0.071683
273.000000	0.071569
274.000000	0.071455
275.000000	0.071342
276.000000	0.071228
277.000000	0.071114
278.000000	0.071000
279.000000	0.070887
280.000000	0.070773
281.000000	0.070659
282.000000	0.070545
283.000000	0.070432
284.000000	0.070318
285.000000	0.070204
286.000000	0.070090
287.000000	0.069977
288.000000	0.069863
289.000000	0.069749
290.000000	0.069635
291.000000	0.069521
292.000000	0.069408
293.000000	0.069294
294.000000	0.069180
295.000000	0.069066
296.000000	0.068953
297.000000	0.068839
298.000000	0.068725
299.000000	0.068611
300.000000	0.068498
301.000000	0.068424
302.000000	0.068350
303.000000	0.068276
304.000000	0.068203
305.000000	0.068129
306.000000	0.068055
307.000000	0.067981
308.000000	0.067908
309.000000	0.067834
310.000000	0.067760
311.000000	0.067686
312.000000	0.067613
313.000000	0.067539
314.000000	0.067465
315.000000	0.067391
316.000000	0.067317
317.000000	0.067244
318.000000	0.067170
319.000000	0.067096
320.000000	0.067022
321.000000	0.066949
322.000000	0.066875
323.000000	0.066801
324.000000	0.066727
325.000000	0.066654
326.000000	0.066580
327.000000	0.066506
328.000000	0.066432
329.000000	0.066359
330.000000	0.066285
331.000000	0.066211
332.000000	0.066137
333.000000	0.066064
334.000000	0.065990
335.000000	0.065916
336.000000	0.065842
337.000000	0.065768
338.000000	0.065695
339.000000	0.065621
340.000000	0.065547
341.000000	0.065473
342.000000	0.065400
343.000000	0.065326
344.000000	0.065252
345.000000	0.065178
346.000000	0.065105
347.000000	0.065031
348.000000	0.064957
349.000000	0.064883
350.000000	0.064810
351.000000	0.064736
352.000000	0.064662
353.000000	0.064588
354.000000	0.064515
355.000000	0.064441
356.000000	0.064367
357.000000	0.064293
358.000000	0.064219
359.000000	0.064146
360.000000	0.064072
361.000000	0.063998
362.000000	0.063924
363.000000	0.063851
364.000000	0.063777
365.000000	0.063703
366.000000	0.063629
367.000000	0.063556
368.000000	0.063482
369.000000	0.063408
370.000000	0.063334
371.000000	0.063261
372.000000	0.063187
373.000000	0.063113
374.000000	0.063039
375.000000	0.062966
376.000000	0.062892
377.000000	0.062818
378.000000	0.062744
379.000000	0.062670
380.000000	0.062597
381.000000	0.062523
382.000000	0.062449
383.000000	0.062375
384.000000	0.062302
385.000000	0.062228
386.000000	0.062154
387.000000	0.062080
388.000000	0.062007
389.000000	0.061933
390.000000	0.061859
391.000000	0.061785
392.000000	0.061712
393.000000	0.061638
394.000000	0.061564
395.000000	0.061490
396.000000	0.061417
397.000000	0.061343
398.000000	0.061269
399.000000	0.061195
400.000000	0.061121
401.000000	0.061067
402.000000	0.061013
403.000000	0.060959
404.000000	0.060905
405.000000	0.060851
406.000000	0.060797
407.000000	0.060743
408.000000	0.060689
409.000000	0.060635
410.000000	0.060581
411.000000	0.060527
412.000000	0.060473
413.000000	0.060419
414.000000	0.060365
415.000000	0.060311
416.000000	0.060257
417.000000	0.060203
418.000000	0.060149
419.000000	0.060095
420.000000	0.060041
421.000000	0.059987
422.000000	0.059933
423.000000	0.059879
424.000000	0.059825
425.000000	0.059770
426.000000	0.059716
427.000000	0.059662
428.000000	0.059608
429.000000	0.059554
430.000000	0.059500
431.000000	0.059446
432.000000	0.059392
433.000000	0.059338
434.000000	0.059284
435.000000	0.059230
436.000000	0.059176
437.000000	0.059122
438.000000	0.059068
439.000000	0.059014
440.000000	0.058960
441.000000	0.058906
442.000000	0.058852
443.000000	0.058798
444.000000	0.058744
445.000000	0.058690
446.000000	0.058636
447.000000	0.058582
448.000000	0.058528
449.000000	0.058474
450.000000	0.058420
451.000000	0.058365
452.000000	0.058311
453.000000	0.058257
454.000000	0.058203
455.000000	0.058149
456.000000	0.058095
457.000000	0.058041
458.000000	0.057987
459.000000	0.057933
460.000000	0.057879
461.000000	0.057825
462.000000	0.057771
463.000000	0.057717
464.000000	0.057663
465.000000	0.057609
466.000000	0.057555
467.000000	0.057501
468.000000	0.057447
469.000000	0.057393
470.000000	0.057339
471.000000	0.057285
472.000000	0.057231
473.000000	0.057177
474.000000	0.057123
475.000000	0.057069
476.000000	0.057015
477.000000	0.056960
478.000000	0.056906
479.000000	0.056852
480.000000	0.056798
481.000000	0.056744
482.000000	0.056690
483.000000	0.056636
484.000000	0.056582
485.000000	0.056528
486.000000	0.056474
487.000000	0.056420
488.000000	0.056366
489.000000	0.056312
490.000000	0.056258
491.000000	0.056204
492.000000	0.056150
493.000000	0.056096
494.000000	0.056042
495.000000	0.055988
496.000000	0.055934
497.000000	0.055880
498.000000	0.055826
499.000000	0.055772
500.000000	0.055718
501.000000	0.055675
502.000000	0.055633
503.000000	0.055590
504.000000	0.055548
505.000000	0.055506
506.000000	0.055463
507.000000	0.055421
508.000000	0.055379
509.000000	0.055336
510.000000	0.055294
511.000000	0.055251
512.000000	0.055209
513.000000	0.055167
514.000000	0.055124
515.000000	0.055082
516.000000	0.055040
517.000000	0.054997
518.000000	0.054955
519.000000	0.054912
520.000000	0.054870
521.000000	0.054828
522.000000	0.054785
523.000000	0.054743
524.000000	0.054701
525.000000	0.054658
526.000000	0.054616
527.000000	0.054573
528.000000	0.054531
529.000000	0.054489
530.000000	0.054446
531.000000	0.054404
532.000000	0.054362
533.000000	0.054319
534.000000	0.054277
535.000000	0.054234
536.000000	0.054192
537.000000	0.054150
538.000000	0.054107
539.000000	0.054065
540.000000	0.054023
541.000000	0.053980
542.000000	0.053938
543.000000	0.053895
544.000000	0.053853
545.000000	0.053811
546.000000	0.053768
547.000000	0.053726
548.000000	0.053684
549.000000	0.053641
550.000000	0.053599
551.000000	0.053556
552.000000	0.053514
553.000000	0.053472
554.000000	0.053429
555.000000	0.053387
556.000000	0.053345
557.000000	0.053302
558.000000	0.053260
559.000000	0.053217
560.000000	0.053175
561.000000	0.053133
562.000000	0.053090
563.000000	0.053048
564.000000	0.053006
565.000000	0.052963
566.000000	0.052921
567.000000	0.052878
568.000000	0.052836
569.000000	0.052794
570.000000	0.052751
571.000000	0.052709
572.000000	0.052667
573.000000	0.052624
574.000000	0.052582
575.000000	0.052539
576.000000	0.052497
577.000000	0.052455
578.000000	0.052412
579.000000	0.052370
580.000000	0.052328
581.000000	0.052285
582.000000	0.052243
583.000000	0.052200
584.000000	0.052158
585.000000	0.052116
586.000000	0.052073
587.000000	0.052031
588.000000	0.051989
589.000000	0.051946
590.000000	0.051904
591.000000	0.051861
592.000000	0.051819
593.000000	0.051777
594.000000	0.051734
595.000000	0.051692
596.000000	0.051650
597.000000	0.051607
598.000000	0.051565
599.000000	0.051522
600.000000	0.051480
601.000000	0.051449
602.000000	0.051417
603.000000	0.051385
604.000000	0.051354
605.000000	0.051322
606.000000	0.051291
607.000000	0.051259
608.000000	0.051228
609.000000	0.051196
610.000000	0.051165
611.000000	0.051133
612.000000	0.051102
613.000000	0.051070
614.000000	0.051039
615.000000	0.051007
616.000000	0.050975
617.000000	0.050944
618.000000	0.050912
619.000000	0.050881
620.000000	0.050849
621.000000	0.050818
622.000000	0.050786
623.000000	0.050755
624.000000	0.050723
625.000000	0.050692
626.000000	0.050660
627.000000	0.050629
628.000000	0.050597
629.000000	0.050566
630.000000	0.050534
631.000000	0.050502
632.000000	0.050471
633.000000	0.050439
634.000000	0.050408
635.000000	0.050376
636.000000	0.050345
637.000000	0.050313
638.000000	0.050282
639.000000	0.050250
640.000000	0.050219
641.000000	0.050187
642.000000	0.050156
643.000000	0.050124
644.000000	0.050092
645.000000	0.050061
646.000000	0.050029
647.000000	0.049998
648.000000	0.049966
649.000000	0.049935
650.000000	0.049903
651.000000	0.049872
652.000000	0.049840
653.000000	0.049809
654.000000	0.049777
655.000000	0.049746
656.000000	0.049714
657.000000	0.049682
658.000000	0.049651
659.000000	0.049619
660.000000	0.049588
661.000000	0.049556
662.000000	0.049525
663.000000	0.049493
664.000000	0.049462
665.000000	0.049430
666.000000	0.049399
667.000000	0.049367
668.000000	0.049336
669.000000	0.049304
670.000000	0.049273
671.000000	0.049241
672.000000	0.049209
673.000000	0.049178
674.000000	0.049146
675.000000	0.049115
676.000000	0.049083
677.000000	0.049052
678.000000	0.049020
679.000000	0.048989
680.000000	0.048957
681.000000	0.048926
682.000000	0.048894
683.000000	0.048863
684.000000	0.048831
685.000000	0.048799
686.000000	0.048768
687.000000	0.048736
688.000000	0.048705
689.000000	0.048673
690.000000	0.048642
691.000000	0.048610
692.000000	0.048579
693.000000	0.048547
694.000000	0.048516
695.000000	0.048484
696.000000	0.048453
697.000000	0.048421
698.000000	0.048389
699.000000	0.048358
700.000000	0.048326
701.000000	0.048295
702.000000	0.048263
703.000000	0.048232
704.000000	0.048200
705.000000	0.048169
706.000000	0.048137
707.000000	0.048106
708.000000	0.048074
709.000000	0.048043
710.000000	0.048011
711.000000	0.047980
712.000000	0.047948
713.000000	0.047916
714.000000	0.047885
715.000000	0.047853
716.000000	0.047822
717.000000	0.047790
718.000000	0.047759
719.000000	0.047727
720.000000	0.047696
721.000000	0.047664
722.000000	0.047633
723.000000	0.047601
724.000000	0.047570
725.000000	0.047538
726.000000	0.047506
727.000000	0.047475
728.000000	0.047443
729.000000	0.047412
730.000000	0.047380
731.000000	0.047349
732.000000	0.047317
733.000000	0.047286
734.000000	0.047254
735.000000	0.047223
736.000000	0.047191
737.000000	0.047160
738.000000	0.047128
739.000000	0.047097
740.000000	0.047065
741.000000	0.047033
742.000000	0.047002
743.000000	0.046970
744.000000	0.046939
745.000000	0.046907
746.000000	0.046876
747.000000	0.046844
748.000000	0.046813
749.000000	0.046781
750.000000	0.046750
751.000000	0.046718
752.000000	0.046687
753.000000	0.046655
754.000000	0.046623
755.000000	0.046592
756.000000	0.046560
757.000000	0.046529
758.000000	0.046497
759.000000	0.046466
760.000000	0.046434
761.000000	0.046403
762.000000	0.046371
763.000000	0.046340
764.000000	0.046308
765.000000	0.046277
766.000000	0.046245
767.000000	0.046213
768.000000	0.046182
769.000000	0.046150
770.000000	0.046119
771.000000	0.046087
772.000000	0.046056
773.000000	0.046024
774.000000	0.045993
775.000000	0.045961
776.000000	0.045930
777.000000	0.045898
778.000000	0.045867
779.000000	0.045835
780.000000	0.045804
781.000000	0.045772
782.000000	0.045740
783.000000	0.045709
784.000000	0.045677
785.000000	0.045646
786.000000	0.045614
787.000000	0.045583
788.000000	0.045551
789.000000	0.045520
790.000000	0.045488
791.000000	0.045457
792.000000	0.045425
793.000000	0.045394
794.000000	0.045362
795.000000	0.045330
796.000000	0.045299
797.000000	0.045267
798.000000	0.045236
799.000000	0.045204
800.000000	0.045173
801.000000	0.045150
802.000000	0.045127
803.000000	0.045104
804.000000	0.045081
805.000000	0.045058
806.000000	0.045035
807.000000	0.045012
808.000000	0.044990
809.000000	0.044967
810.000000	0.044944
811.000000	0.044921
812.000000	0.044898
813.000000	0.044875
814.000000	0.044852
815.000000	0.044829
816.000000	0.044806
817.000000	0.044784
818.000000	0.044761
819.000000	0.044738
820.000000	0.044715
821.000000	0.044692
822.000000	0.044669
823.000000	0.044646
824.000000	0.044623
825.000000	0.044600
826.000000	0.044577
827.000000	0.044555
828.000000	0.044532
829.000000	0.044509
830.000000	0.044486
831.000000	0.044463
832.000000	0.044440
833.000000	0.044417
834.000000	0.044394
835.000000	0.044371
836.000000	0.044348
837.000000	0.044326
838.000000	0.044303
839.000000	0.044280
840.000000	0.044257
841.000000	0.044234
842.000000	0.044211
843.000000	0.044188
844.000000	0.044165
845.000000	0.044142
846.000000	0.044119
847.000000	0.044097
848.000000	0.044074
849.000000	0.044051
850.000000	0.044028
851.000000	0.044005
852.000000	0.043982
853.000000	0.043959
854.000000	0.043936
855.000000	0.043913
856.000000	0.043890
857.000000	0.043868
858.000000	0.043845
859.000000	0.043822
860.000000	0.043799
861.000000	0.043776
862.000000	0.043753
863.000000	0.043730
864.000000	0.043707
865.000000	0.043684
866.000000	0.043662
867.000000	0.043639
868.000000	0.043616
869.000000	0.043593
870.000000	0.043570
871.000000	0.043547
872.000000	0.043524
873.000000	0.043501
874.000000	0.043478
875.000000	0.043455
876.000000	0.043433
877.000000	0.043410
878.000000	0.043387
879.000000	0.043364
880.000000	0.043341
881.000000	0.043318
882.000000	0.043295
883.000000	0.043272
884.000000	0.043249
885.000000	0.043226
886.000000	0.043204
887.000000	0.043181
888.000000	0.043158
889.000000	0.043135
890.000000	0.043112
891.000000	0.043089
892.000000	0.043066
893.000000	0.043043
894.000000	0.043020
895.000000	0.042997
896.000000	0.042975
897.000000	0.042952
898.000000	0.042929
899.000000	0.042906
900.000000	0.042883
901.000000	0.042860
902.000000	0.042837
903.000000	0.042814
904.000000	0.042791
905.000000	0.042768
906.000000	0.042746
907.000000	0.042723
908.000000	0.042700
909.000000	0.042677
910.000000	0.042654
911.000000	0.042631
912.000000	0.042608
913.000000	0.042585
914.000000	0.042562
915.000000	0.042539
916.000000	0.042517
917.000000	0.042494
918.000000	0.042471
919.000000	0.042448
920.000000	0.042425
921.000000	0.042402
922.000000	0.042379
923.000000	0.042356
924.000000	0.042333
925.000000	0.042311
926.000000	0.042288
927.000000	0.042265
928.000000	0.042242
929.000000	0.042219
930.000000	0.042196
931.000000	0.042173
932.000000	0.042150
933.000000	0.042127
934.000000	0.042104
935.000000	0.042082
936.000000	0.042059
937.000000	0.042036
938.000000	0.042013
939.000000	0.041990
940.000000	0.041967
941.000000	0.041944
942.000000	0.041921
943.000000	0.041898
944.000000	0.041875
945.000000	0.041853
946.000000	0.041830
947.000000	0.041807
948.000000	0.041784
949.000000	0.041761
950.000000	0.041738
951.000000	0.041715
952.000000	0.041692
953.000000	0.041669
954.000000	0.041646
955.000000	0.041624
956.000000	0.041601
957.000000	0.041578
958.000000	0.041555
959.000000	0.041532
960.000000	0.041509
961.000000	0.041486
962.000000	0.041463
963.000000	0.041440
964.000000	0.041417
965.000000	0.041395
966.000000	0.041372
967.000000	0.041349
968.000000	0.041326
969.000000	0.041303
970.000000	0.041280
971.000000	0.041257
972.000000	0.041234
973.000000	0.041211
974.000000	0.041189
975.000000	0.041166
976.000000	0.041143
977.000000	0.041120
978.000000	0.041097
979.000000	0.041074
980.000000	0.041051
981.000000	0.041028
982.000000	0.041005
983.000000	0.040982
984.000000	0.040960
985.000000	0.040937
986.000000	0.040914
987.000000	0.040891
988.000000	0.040868
989.000000	0.040845
990.000000	0.040822
991.000000	0.040799
992.000000	0.040776
993.000000	0.040753
994.000000	0.040731
995.000000	0.040708
996.000000	0.040685
997.000000	0.040662
998.000000	0.040639
999.000000	0.040616
1000.000000	0.040593