53.7840000000000
60.2750000000000
401.811000000000
21.0970000000000
16.7160000000000
22.4190000000000
161.032000000000
12.5960000000000
49.2030000000000
12.5770000000000
162.011000000000
57.9290000000000
121.299000000000
100.074000000000
11.5400000000000
21.0780000000000
117.328000000000
68.5530000000000
162.556000000000
20.4480000000000
17.2160000000000
37.8140000000000
133.429000000000
123.931000000000
16.7880000000000
19.5850000000000
34.7690000000000
88.3340000000000
156.946000000000
15.3890000000000
24.9390000000000
17.4460000000000
24.1100000000000
12.6020000000000
404.572000000000
21.6090000000000
16.1270000000000
24.7830000000000