1.000000	2221.157764
2.000000	305.511773
3.000000	93.706324
4.000000	39.354482
5.000000	19.977934
6.000000	11.467151
7.000000	8.136269
8.000000	4.805387
9.000000	3.649656
10.000000	2.493926
11.000000	2.164036
12.000000	1.834146
13.000000	1.504256
14.000000	1.174366
15.000000	0.844476
16.000000	0.767251
17.000000	0.690026
18.000000	0.612801
19.000000	0.535576
20.000000	0.458350
21.000000	0.438677
22.000000	0.419003
23.000000	0.399330
24.000000	0.379656
25.000000	0.359983
26.000000	0.340309
27.000000	0.320636
28.000000	0.300963
29.000000	0.281289
30.000000	0.261616
31.000000	0.256488
32.000000	0.251360
33.000000	0.246232
34.000000	0.241104
35.000000	0.235976
36.000000	0.230848
37.000000	0.225721
38.000000	0.220593
39.000000	0.215465
40.000000	0.210337
41.000000	0.208191
42.000000	0.206044
43.000000	0.203898
44.000000	0.201752
45.000000	0.199605
46.000000	0.197459
47.000000	0.195313
48.000000	0.193166
49.000000	0.191020
50.000000	0.188874
51.000000	0.187650
52.000000	0.186426
53.000000	0.185203
54.000000	0.183979
55.000000	0.182756
56.000000	0.181532
57.000000	0.180308
58.000000	0.179085
59.000000	0.177861
60.000000	0.176638
61.000000	0.175904
62.000000	0.175171
63.000000	0.174437
64.000000	0.173704
65.000000	0.172971
66.000000	0.172237
67.000000	0.171504
68.000000	0.170770
69.000000	0.170037
70.000000	0.169304
71.000000	0.168570
72.000000	0.167837
73.000000	0.167104
74.000000	0.166370
75.000000	0.165637
76.000000	0.164903
77.000000	0.164170
78.000000	0.163437
79.000000	0.162703
80.000000	0.161970
81.000000	0.161482
82.000000	0.160995
83.000000	0.160507
84.000000	0.160020
85.000000	0.159532
86.000000	0.159045
87.000000	0.158557
88.000000	0.158069
89.000000	0.157582
90.000000	0.157094
91.000000	0.156607
92.000000	0.156119
93.000000	0.155632
94.000000	0.155144
95.000000	0.154656
96.000000	0.154169
97.000000	0.153681
98.000000	0.153194
99.000000	0.152706
100.000000	0.152219
101.000000	0.151882
102.000000	0.151544
103.000000	0.151207
104.000000	0.150870
105.000000	0.150533
106.000000	0.150196
107.000000	0.149859
108.000000	0.149522
109.000000	0.149184
110.000000	0.148847
111.000000	0.148510
112.000000	0.148173
113.000000	0.147836
114.000000	0.147499
115.000000	0.147162
116.000000	0.146825
117.000000	0.146487
118.000000	0.146150
119.000000	0.145813
120.000000	0.145476
121.000000	0.145139
122.000000	0.144802
123.000000	0.144465
124.000000	0.144127
125.000000	0.143790
126.000000	0.143453
127.000000	0.143116
128.000000	0.142779
129.000000	0.142442
130.000000	0.142105
131.000000	0.141768
132.000000	0.141430
133.000000	0.141093
134.000000	0.140756
135.000000	0.140419
136.000000	0.140082
137.000000	0.139745
138.000000	0.139408
139.000000	0.139071
140.000000	0.138733
141.000000	0.138396
142.000000	0.138059
143.000000	0.137722
144.000000	0.137385
145.000000	0.137048
146.000000	0.136711
147.000000	0.136373
148.000000	0.136036
149.000000	0.135699
150.000000	0.135362
151.000000	0.135125
152.000000	0.134887
153.000000	0.134650
154.000000	0.134412
155.000000	0.134175
156.000000	0.133937
157.000000	0.133700
158.000000	0.133462
159.000000	0.133225
160.000000	0.132987
161.000000	0.132750
162.000000	0.132512
163.000000	0.132275
164.000000	0.132037
165.000000	0.131800
166.000000	0.131562
167.000000	0.131325
168.000000	0.131087
169.000000	0.130850
170.000000	0.130612
171.000000	0.130375
172.000000	0.130137
173.000000	0.129900
174.000000	0.129662
175.000000	0.129425
176.000000	0.129187
177.000000	0.128950
178.000000	0.128712
179.000000	0.128475
180.000000	0.128237
181.000000	0.128000
182.000000	0.127762
183.000000	0.127525
184.000000	0.127287
185.000000	0.127050
186.000000	0.126812
187.000000	0.126575
188.000000	0.126337
189.000000	0.126100
190.000000	0.125862
191.000000	0.125625
192.000000	0.125387
193.000000	0.125150
194.000000	0.124913
195.000000	0.124675
196.000000	0.124438
197.000000	0.124200
198.000000	0.123963
199.000000	0.123725
200.000000	0.123488
201.000000	0.123324
202.000000	0.123160
203.000000	0.122996
204.000000	0.122832
205.000000	0.122668
206.000000	0.122504
207.000000	0.122341
208.000000	0.122177
209.000000	0.122013
210.000000	0.121849
211.000000	0.121685
212.000000	0.121521
213.000000	0.121357
214.000000	0.121193
215.000000	0.121030
216.000000	0.120866
217.000000	0.120702
218.000000	0.120538
219.000000	0.120374
220.000000	0.120210
221.000000	0.120046
222.000000	0.119882
223.000000	0.119719
224.000000	0.119555
225.000000	0.119391
226.000000	0.119227
227.000000	0.119063
228.000000	0.118899
229.000000	0.118735
230.000000	0.118572
231.000000	0.118408
232.000000	0.118244
233.000000	0.118080
234.000000	0.117916
235.000000	0.117752
236.000000	0.117588
237.000000	0.117424
238.000000	0.117261
239.000000	0.117097
240.000000	0.116933
241.000000	0.116769
242.000000	0.116605
243.000000	0.116441
244.000000	0.116277
245.000000	0.116114
246.000000	0.115950
247.000000	0.115786
248.000000	0.115622
249.000000	0.115458
250.000000	0.115294
251.000000	0.115130
252.000000	0.114966
253.000000	0.114803
254.000000	0.114639
255.000000	0.114475
256.000000	0.114311
257.000000	0.114147
258.000000	0.113983
259.000000	0.113819
260.000000	0.113656
261.000000	0.113492
262.000000	0.113328
263.000000	0.113164
264.000000	0.113000
265.000000	0.112836
266.000000	0.112672
267.000000	0.112508
268.000000	0.112345
269.000000	0.112181
270.000000	0.112017
271.000000	0.111853
272.000000	0.111689
273.000000	0.111525
274.000000	0.111361
275.000000	0.111197
276.000000	0.111034
277.000000	0.110870
278.000000	0.110706
279.000000	0.110542
280.000000	0.110378
281.000000	0.110214
282.000000	0.110050
283.000000	0.109887
284.000000	0.109723
285.000000	0.109559
286.000000	0.109395
287.000000	0.109231
288.000000	0.109067
289.000000	0.108903
290.000000	0.108739
291.000000	0.108576
292.000000	0.108412
293.000000	0.108248
294.000000	0.108084
295.000000	0.107920
296.000000	0.107756
297.000000	0.107592
298.000000	0.107429
299.000000	0.107265
300.000000	0.107101
301.000000	0.106989
302.000000	0.106877
303.000000	0.106765
304.000000	0.106653
305.000000	0.106541
306.000000	0.106429
307.000000	0.106317
308.000000	0.106205
309.000000	0.106093
310.000000	0.105981
311.000000	0.105869
312.000000	0.105757
313.000000	0.105645
314.000000	0.105534
315.000000	0.105422
316.000000	0.105310
317.000000	0.105198
318.000000	0.105086
319.000000	0.104974
320.000000	0.104862
321.000000	0.104750
322.000000	0.104638
323.000000	0.104526
324.000000	0.104414
325.000000	0.104302
326.000000	0.104190
327.000000	0.104078
328.000000	0.103966
329.000000	0.103854
330.000000	0.103742
331.000000	0.103630
332.000000	0.103518
333.000000	0.103407
334.000000	0.103295
335.000000	0.103183
336.000000	0.103071
337.000000	0.102959
338.000000	0.102847
339.000000	0.102735
340.000000	0.102623
341.000000	0.102511
342.000000	0.102399
343.000000	0.102287
344.000000	0.102175
345.000000	0.102063
346.000000	0.101951
347.000000	0.101839
348.000000	0.101727
349.000000	0.101615
350.000000	0.101503
351.000000	0.101391
352.000000	0.101280
353.000000	0.101168
354.000000	0.101056
355.000000	0.100944
356.000000	0.100832
357.000000	0.100720
358.000000	0.100608
359.000000	0.100496
360.000000	0.100384
361.000000	0.100272
362.000000	0.100160
363.000000	0.100048
364.000000	0.099936
365.000000	0.099824
366.000000	0.099712
367.000000	0.099600
368.000000	0.099488
369.000000	0.099376
370.000000	0.099264
371.000000	0.099153
372.000000	0.099041
373.000000	0.098929
374.000000	0.098817
375.000000	0.098705
376.000000	0.098593
377.000000	0.098481
378.000000	0.098369
379.000000	0.098257
380.000000	0.098145
381.000000	0.098033
382.000000	0.097921
383.000000	0.097809
384.000000	0.097697
385.000000	0.097585
386.000000	0.097473
387.000000	0.097361
388.000000	0.097249
389.000000	0.097137
390.000000	0.097025
391.000000	0.096914
392.000000	0.096802
393.000000	0.096690
394.000000	0.096578
395.000000	0.096466
396.000000	0.096354
397.000000	0.096242
398.000000	0.096130
399.000000	0.096018
400.000000	0.095906
401.000000	0.095823
402.000000	0.095739
403.000000	0.095656
404.000000	0.095572
405.000000	0.095489
406.000000	0.095405
407.000000	0.095322
408.000000	0.095238
409.000000	0.095155
410.000000	0.095071
411.000000	0.094988
412.000000	0.094904
413.000000	0.094821
414.000000	0.094737
415.000000	0.094654
416.000000	0.094570
417.000000	0.094487
418.000000	0.094403
419.000000	0.094320
420.000000	0.094236
421.000000	0.094153
422.000000	0.094069
423.000000	0.093986
424.000000	0.093902
425.000000	0.093819
426.000000	0.093735
427.000000	0.093652
428.000000	0.093568
429.000000	0.093485
430.000000	0.093401
431.000000	0.093318
432.000000	0.093234
433.000000	0.093151
434.000000	0.093067
435.000000	0.092984
436.000000	0.092900
437.000000	0.092817
438.000000	0.092733
439.000000	0.092650
440.000000	0.092566
441.000000	0.092483
442.000000	0.092399
443.000000	0.092316
444.000000	0.092232
445.000000	0.092149
446.000000	0.092065
447.000000	0.091982
448.000000	0.091898
449.000000	0.091815
450.000000	0.091731
451.000000	0.091648
452.000000	0.091564
453.000000	0.091481
454.000000	0.091397
455.000000	0.091314
456.000000	0.091230
457.000000	0.091147
458.000000	0.091063
459.000000	0.090980
460.000000	0.090896
461.000000	0.090813
462.000000	0.090729
463.000000	0.090646
464.000000	0.090562
465.000000	0.090479
466.000000	0.090395
467.000000	0.090312
468.000000	0.090228
469.000000	0.090145
470.000000	0.090061
471.000000	0.089978
472.000000	0.089894
473.000000	0.089811
474.000000	0.089727
475.000000	0.089644
476.000000	0.089560
477.000000	0.089477
478.000000	0.089393
479.000000	0.089310
480.000000	0.089226
481.000000	0.089143
482.000000	0.089059
483.000000	0.088976
484.000000	0.088892
485.000000	0.088809
486.000000	0.088725
487.000000	0.088642
488.000000	0.088558
489.000000	0.088475
490.000000	0.088391
491.000000	0.088308
492.000000	0.088224
493.000000	0.088141
494.000000	0.088057
495.000000	0.087974
496.000000	0.087890
497.000000	0.087807
498.000000	0.087723
499.000000	0.087640
500.000000	0.087556
501.000000	0.087490
502.000000	0.087424
503.000000	0.087358
504.000000	0.087292
505.000000	0.087226
506.000000	0.087160
507.000000	0.087094
508.000000	0.087028
509.000000	0.086962
510.000000	0.086896
511.000000	0.086830
512.000000	0.086764
513.000000	0.086698
514.000000	0.086632
515.000000	0.086566
516.000000	0.086500
517.000000	0.086434
518.000000	0.086368
519.000000	0.086302
520.000000	0.086236
521.000000	0.086170
522.000000	0.086104
523.000000	0.086038
524.000000	0.085972
525.000000	0.085906
526.000000	0.085840
527.000000	0.085774
528.000000	0.085708
529.000000	0.085642
530.000000	0.085576
531.000000	0.085510
532.000000	0.085444
533.000000	0.085378
534.000000	0.085312
535.000000	0.085246
536.000000	0.085180
537.000000	0.085114
538.000000	0.085048
539.000000	0.084982
540.000000	0.084916
541.000000	0.084850
542.000000	0.084784
543.000000	0.084718
544.000000	0.084652
545.000000	0.084586
546.000000	0.084520
547.000000	0.084454
548.000000	0.084388
549.000000	0.084322
550.000000	0.084256
551.000000	0.084190
552.000000	0.084124
553.000000	0.084058
554.000000	0.083992
555.000000	0.083926
556.000000	0.083860
557.000000	0.083794
558.000000	0.083728
559.000000	0.083662
560.000000	0.083596
561.000000	0.083530
562.000000	0.083464
563.000000	0.083398
564.000000	0.083332
565.000000	0.083266
566.000000	0.083200
567.000000	0.083134
568.000000	0.083068
569.000000	0.083001
570.000000	0.082935
571.000000	0.082869
572.000000	0.082803
573.000000	0.082737
574.000000	0.082671
575.000000	0.082605
576.000000	0.082539
577.000000	0.082473
578.000000	0.082407
579.000000	0.082341
580.000000	0.082275
581.000000	0.082209
582.000000	0.082143
583.000000	0.082077
584.000000	0.082011
585.000000	0.081945
586.000000	0.081879
587.000000	0.081813
588.000000	0.081747
589.000000	0.081681
590.000000	0.081615
591.000000	0.081549
592.000000	0.081483
593.000000	0.081417
594.000000	0.081351
595.000000	0.081285
596.000000	0.081219
597.000000	0.081153
598.000000	0.081087
599.000000	0.081021
600.000000	0.080955
601.000000	0.080906
602.000000	0.080857
603.000000	0.080807
604.000000	0.080758
605.000000	0.080709
606.000000	0.080659
607.000000	0.080610
608.000000	0.080561
609.000000	0.080511
610.000000	0.080462
611.000000	0.080413
612.000000	0.080363
613.000000	0.080314
614.000000	0.080265
615.000000	0.080215
616.000000	0.080166
617.000000	0.080117
618.000000	0.080067
619.000000	0.080018
620.000000	0.079969
621.000000	0.079919
622.000000	0.079870
623.000000	0.079821
624.000000	0.079771
625.000000	0.079722
626.000000	0.079673
627.000000	0.079623
628.000000	0.079574
629.000000	0.079525
630.000000	0.079475
631.000000	0.079426
632.000000	0.079377
633.000000	0.079327
634.000000	0.079278
635.000000	0.079229
636.000000	0.079179
637.000000	0.079130
638.000000	0.079081
639.000000	0.079031
640.000000	0.078982
641.000000	0.078933
642.000000	0.078883
643.000000	0.078834
644.000000	0.078785
645.000000	0.078735
646.000000	0.078686
647.000000	0.078637
648.000000	0.078587
649.000000	0.078538
650.000000	0.078489
651.000000	0.078439
652.000000	0.078390
653.000000	0.078341
654.000000	0.078291
655.000000	0.078242
656.000000	0.078193
657.000000	0.078143
658.000000	0.078094
659.000000	0.078045
660.000000	0.077995
661.000000	0.077946
662.000000	0.077897
663.000000	0.077847
664.000000	0.077798
665.000000	0.077749
666.000000	0.077699
667.000000	0.077650
668.000000	0.077601
669.000000	0.077551
670.000000	0.077502
671.000000	0.077453
672.000000	0.077403
673.000000	0.077354
674.000000	0.077305
675.000000	0.077255
676.000000	0.077206
677.000000	0.077157
678.000000	0.077107
679.000000	0.077058
680.000000	0.077009
681.000000	0.076959
682.000000	0.076910
683.000000	0.076861
684.000000	0.076811
685.000000	0.076762
686.000000	0.076713
687.000000	0.076663
688.000000	0.076614
689.000000	0.076565
690.000000	0.076515
691.000000	0.076466
692.000000	0.076417
693.000000	0.076367
694.000000	0.076318
695.000000	0.076269
696.000000	0.076219
697.000000	0.076170
698.000000	0.076121
699.000000	0.076071
700.000000	0.076022
701.000000	0.075973
702.000000	0.075923
703.000000	0.075874
704.000000	0.075825
705.000000	0.075775
706.000000	0.075726
707.000000	0.075677
708.000000	0.075627
709.000000	0.075578
710.000000	0.075529
711.000000	0.075479
712.000000	0.075430
713.000000	0.075381
714.000000	0.075331
715.000000	0.075282
716.000000	0.075233
717.000000	0.075184
718.000000	0.075134
719.000000	0.075085
720.000000	0.075036
721.000000	0.074986
722.000000	0.074937
723.000000	0.074888
724.000000	0.074838
725.000000	0.074789
726.000000	0.074740
727.000000	0.074690
728.000000	0.074641
729.000000	0.074592
730.000000	0.074542
731.000000	0.074493
732.000000	0.074444
733.000000	0.074394
734.000000	0.074345
735.000000	0.074296
736.000000	0.074246
737.000000	0.074197
738.000000	0.074148
739.000000	0.074098
740.000000	0.074049
741.000000	0.074000
742.000000	0.073950
743.000000	0.073901
744.000000	0.073852
745.000000	0.073802
746.000000	0.073753
747.000000	0.073704
748.000000	0.073654
749.000000	0.073605
750.000000	0.073556
751.000000	0.073506
752.000000	0.073457
753.000000	0.073408
754.000000	0.073358
755.000000	0.073309
756.000000	0.073260
757.000000	0.073210
758.000000	0.073161
759.000000	0.073112
760.000000	0.073062
761.000000	0.073013
762.000000	0.072964
763.000000	0.072914
764.000000	0.072865
765.000000	0.072816
766.000000	0.072766
767.000000	0.072717
768.000000	0.072668
769.000000	0.072618
770.000000	0.072569
771.000000	0.072520
772.000000	0.072470
773.000000	0.072421
774.000000	0.072372
775.000000	0.072322
776.000000	0.072273
777.000000	0.072224
778.000000	0.072174
779.000000	0.072125
780.000000	0.072076
781.000000	0.072026
782.000000	0.071977
783.000000	0.071928
784.000000	0.071878
785.000000	0.071829
786.000000	0.071780
787.000000	0.071730
788.000000	0.071681
789.000000	0.071632
790.000000	0.071582
791.000000	0.071533
792.000000	0.071484
793.000000	0.071434
794.000000	0.071385
795.000000	0.071336
796.000000	0.071286
797.000000	0.071237
798.000000	0.071188
799.000000	0.071138
800.000000	0.071089
801.000000	0.071053
802.000000	0.071017
803.000000	0.070981
804.000000	0.070945
805.000000	0.070909
806.000000	0.070874
807.000000	0.070838
808.000000	0.070802
809.000000	0.070766
810.000000	0.070730
811.000000	0.070694
812.000000	0.070658
813.000000	0.070622
814.000000	0.070586
815.000000	0.070550
816.000000	0.070514
817.000000	0.070478
818.000000	0.070443
819.000000	0.070407
820.000000	0.070371
821.000000	0.070335
822.000000	0.070299
823.000000	0.070263
824.000000	0.070227
825.000000	0.070191
826.000000	0.070155
827.000000	0.070119
828.000000	0.070083
829.000000	0.070047
830.000000	0.070012
831.000000	0.069976
832.000000	0.069940
833.000000	0.069904
834.000000	0.069868
835.000000	0.069832
836.000000	0.069796
837.000000	0.069760
838.000000	0.069724
839.000000	0.069688
840.000000	0.069652
841.000000	0.069616
842.000000	0.069581
843.000000	0.069545
844.000000	0.069509
845.000000	0.069473
846.000000	0.069437
847.000000	0.069401
848.000000	0.069365
849.000000	0.069329
850.000000	0.069293
851.000000	0.069257
852.000000	0.069221
853.000000	0.069185
854.000000	0.069150
855.000000	0.069114
856.000000	0.069078
857.000000	0.069042
858.000000	0.069006
859.000000	0.068970
860.000000	0.068934
861.000000	0.068898
862.000000	0.068862
863.000000	0.068826
864.000000	0.068790
865.000000	0.068754
866.000000	0.068719
867.000000	0.068683
868.000000	0.068647
869.000000	0.068611
870.000000	0.068575
871.000000	0.068539
872.000000	0.068503
873.000000	0.068467
874.000000	0.068431
875.000000	0.068395
876.000000	0.068359
877.000000	0.068323
878.000000	0.068288
879.000000	0.068252
880.000000	0.068216
881.000000	0.068180
882.000000	0.068144
883.000000	0.068108
884.000000	0.068072
885.000000	0.068036
886.000000	0.068000
887.000000	0.067964
888.000000	0.067928
889.000000	0.067892
890.000000	0.067857
891.000000	0.067821
892.000000	0.067785
893.000000	0.067749
894.000000	0.067713
895.000000	0.067677
896.000000	0.067641
897.000000	0.067605
898.000000	0.067569
899.000000	0.067533
900.000000	0.067497
901.000000	0.067461
902.000000	0.067426
903.000000	0.067390
904.000000	0.067354
905.000000	0.067318
906.000000	0.067282
907.000000	0.067246
908.000000	0.067210
909.000000	0.067174
910.000000	0.067138
911.000000	0.067102
912.000000	0.067066
913.000000	0.067030
914.000000	0.066995
915.000000	0.066959
916.000000	0.066923
917.000000	0.066887
918.000000	0.066851
919.000000	0.066815
920.000000	0.066779
921.000000	0.066743
922.000000	0.066707
923.000000	0.066671
924.000000	0.066635
925.000000	0.066599
926.000000	0.066564
927.000000	0.066528
928.000000	0.066492
929.000000	0.066456
930.000000	0.066420
931.000000	0.066384
932.000000	0.066348
933.000000	0.066312
934.000000	0.066276
935.000000	0.066240
936.000000	0.066204
937.000000	0.066168
938.000000	0.066133
939.000000	0.066097
940.000000	0.066061
941.000000	0.066025
942.000000	0.065989
943.000000	0.065953
944.000000	0.065917
945.000000	0.065881
946.000000	0.065845
947.000000	0.065809
948.000000	0.065773
949.000000	0.065737
950.000000	0.065702
951.000000	0.065666
952.000000	0.065630
953.000000	0.065594
954.000000	0.065558
955.000000	0.065522
956.000000	0.065486
957.000000	0.065450
958.000000	0.065414
959.000000	0.065378
960.000000	0.065342
961.000000	0.065306
962.000000	0.065271
963.000000	0.065235
964.000000	0.065199
965.000000	0.065163
966.000000	0.065127
967.000000	0.065091
968.000000	0.065055
969.000000	0.065019
970.000000	0.064983
971.000000	0.064947
972.000000	0.064911
973.000000	0.064875
974.000000	0.064839
975.000000	0.064804
976.000000	0.064768
977.000000	0.064732
978.000000	0.064696
979.000000	0.064660
980.000000	0.064624
981.000000	0.064588
982.000000	0.064552
983.000000	0.064516
984.000000	0.064480
985.000000	0.064444
986.000000	0.064408
987.000000	0.064373
988.000000	0.064337
989.000000	0.064301
990.000000	0.064265
991.000000	0.064229
992.000000	0.064193
993.000000	0.064157
994.000000	0.064121
995.000000	0.064085
996.000000	0.064049
997.000000	0.064013
998.000000	0.063977
999.000000	0.063942
1000.000000	0.063906