1.000000	704.009009
2.000000	98.207157
3.000000	38.985569
4.000000	16.888670
5.000000	8.765976
6.000000	5.113193
7.000000	3.649008
8.000000	2.184823
9.000000	1.662637
10.000000	1.140451
11.000000	0.987344
12.000000	0.834236
13.000000	0.681129
14.000000	0.528022
15.000000	0.374915
16.000000	0.338102
17.000000	0.301289
18.000000	0.264477
19.000000	0.227664
20.000000	0.190851
21.000000	0.181398
22.000000	0.171944
23.000000	0.162490
24.000000	0.153036
25.000000	0.143582
26.000000	0.134128
27.000000	0.124674
28.000000	0.115220
29.000000	0.105766
30.000000	0.096312
31.000000	0.093903
32.000000	0.091493
33.000000	0.089084
34.000000	0.086674
35.000000	0.084265
36.000000	0.081855
37.000000	0.079445
38.000000	0.077036
39.000000	0.074626
40.000000	0.072217
41.000000	0.071259
42.000000	0.070301
43.000000	0.069343
44.000000	0.068386
45.000000	0.067428
46.000000	0.066470
47.000000	0.065512
48.000000	0.064555
49.000000	0.063597
50.000000	0.062639
51.000000	0.062130
52.000000	0.061620
53.000000	0.061111
54.000000	0.060601
55.000000	0.060092
56.000000	0.059582
57.000000	0.059073
58.000000	0.058563
59.000000	0.058054
60.000000	0.057544
61.000000	0.057264
62.000000	0.056983
63.000000	0.056703
64.000000	0.056423
65.000000	0.056143
66.000000	0.055862
67.000000	0.055582
68.000000	0.055302
69.000000	0.055021
70.000000	0.054741
71.000000	0.054461
72.000000	0.054180
73.000000	0.053900
74.000000	0.053620
75.000000	0.053340
76.000000	0.053059
77.000000	0.052779
78.000000	0.052499
79.000000	0.052218
80.000000	0.051938
81.000000	0.051767
82.000000	0.051595
83.000000	0.051424
84.000000	0.051253
85.000000	0.051081
86.000000	0.050910
87.000000	0.050739
88.000000	0.050567
89.000000	0.050396
90.000000	0.050225
91.000000	0.050053
92.000000	0.049882
93.000000	0.049711
94.000000	0.049539
95.000000	0.049368
96.000000	0.049197
97.000000	0.049025
98.000000	0.048854
99.000000	0.048683
100.000000	0.048511
101.000000	0.048400
102.000000	0.048288
103.000000	0.048176
104.000000	0.048065
105.000000	0.047953
106.000000	0.047841
107.000000	0.047730
108.000000	0.047618
109.000000	0.047506
110.000000	0.047394
111.000000	0.047283
112.000000	0.047171
113.000000	0.047059
114.000000	0.046948
115.000000	0.046836
116.000000	0.046724
117.000000	0.046613
118.000000	0.046501
119.000000	0.046389
120.000000	0.046277
121.000000	0.046166
122.000000	0.046054
123.000000	0.045942
124.000000	0.045831
125.000000	0.045719
126.000000	0.045607
127.000000	0.045496
128.000000	0.045384
129.000000	0.045272
130.000000	0.045161
131.000000	0.045049
132.000000	0.044937
133.000000	0.044825
134.000000	0.044714
135.000000	0.044602
136.000000	0.044490
137.000000	0.044379
138.000000	0.044267
139.000000	0.044155
140.000000	0.044044
141.000000	0.043932
142.000000	0.043820
143.000000	0.043708
144.000000	0.043597
145.000000	0.043485
146.000000	0.043373
147.000000	0.043262
148.000000	0.043150
149.000000	0.043038
150.000000	0.042927
151.000000	0.042850
152.000000	0.042774
153.000000	0.042697
154.000000	0.042621
155.000000	0.042545
156.000000	0.042468
157.000000	0.042392
158.000000	0.042316
159.000000	0.042239
160.000000	0.042163
161.000000	0.042087
162.000000	0.042010
163.000000	0.041934
164.000000	0.041857
165.000000	0.041781
166.000000	0.041705
167.000000	0.041628
168.000000	0.041552
169.000000	0.041476
170.000000	0.041399
171.000000	0.041323
172.000000	0.041246
173.000000	0.041170
174.000000	0.041094
175.000000	0.041017
176.000000	0.040941
177.000000	0.040865
178.000000	0.040788
179.000000	0.040712
180.000000	0.040636
181.000000	0.040559
182.000000	0.040483
183.000000	0.040406
184.000000	0.040330
185.000000	0.040254
186.000000	0.040177
187.000000	0.040101
188.000000	0.040025
189.000000	0.039948
190.000000	0.039872
191.000000	0.039795
192.000000	0.039719
193.000000	0.039643
194.000000	0.039566
195.000000	0.039490
196.000000	0.039414
197.000000	0.039337
198.000000	0.039261
199.000000	0.039185
200.000000	0.039108
201.000000	0.039056
202.000000	0.039004
203.000000	0.038952
204.000000	0.038899
205.000000	0.038847
206.000000	0.038795
207.000000	0.038743
208.000000	0.038691
209.000000	0.038639
210.000000	0.038586
211.000000	0.038534
212.000000	0.038482
213.000000	0.038430
214.000000	0.038378
215.000000	0.038326
216.000000	0.038273
217.000000	0.038221
218.000000	0.038169
219.000000	0.038117
220.000000	0.038065
221.000000	0.038012
222.000000	0.037960
223.000000	0.037908
224.000000	0.037856
225.000000	0.037804
226.000000	0.037752
227.000000	0.037699
228.000000	0.037647
229.000000	0.037595
230.000000	0.037543
231.000000	0.037491
232.000000	0.037439
233.000000	0.037386
234.000000	0.037334
235.000000	0.037282
236.000000	0.037230
237.000000	0.037178
238.000000	0.037125
239.000000	0.037073
240.000000	0.037021
241.000000	0.036969
242.000000	0.036917
243.000000	0.036865
244.000000	0.036812
245.000000	0.036760
246.000000	0.036708
247.000000	0.036656
248.000000	0.036604
249.000000	0.036552
250.000000	0.036499
251.000000	0.036447
252.000000	0.036395
253.000000	0.036343
254.000000	0.036291
255.000000	0.036238
256.000000	0.036186
257.000000	0.036134
258.000000	0.036082
259.000000	0.036030
260.000000	0.035978
261.000000	0.035925
262.000000	0.035873
263.000000	0.035821
264.000000	0.035769
265.000000	0.035717
266.000000	0.035665
267.000000	0.035612
268.000000	0.035560
269.000000	0.035508
270.000000	0.035456
271.000000	0.035404
272.000000	0.035351
273.000000	0.035299
274.000000	0.035247
275.000000	0.035195
276.000000	0.035143
277.000000	0.035091
278.000000	0.035038
279.000000	0.034986
280.000000	0.034934
281.000000	0.034882
282.000000	0.034830
283.000000	0.034778
284.000000	0.034725
285.000000	0.034673
286.000000	0.034621
287.000000	0.034569
288.000000	0.034517
289.000000	0.034464
290.000000	0.034412
291.000000	0.034360
292.000000	0.034308
293.000000	0.034256
294.000000	0.034204
295.000000	0.034151
296.000000	0.034099
297.000000	0.034047
298.000000	0.033995
299.000000	0.033943
300.000000	0.033891
301.000000	0.033855
302.000000	0.033820
303.000000	0.033784
304.000000	0.033749
305.000000	0.033713
306.000000	0.033678
307.000000	0.033642
308.000000	0.033607
309.000000	0.033571
310.000000	0.033536
311.000000	0.033500
312.000000	0.033465
313.000000	0.033429
314.000000	0.033394
315.000000	0.033358
316.000000	0.033323
317.000000	0.033287
318.000000	0.033251
319.000000	0.033216
320.000000	0.033180
321.000000	0.033145
322.000000	0.033109
323.000000	0.033074
324.000000	0.033038
325.000000	0.033003
326.000000	0.032967
327.000000	0.032932
328.000000	0.032896
329.000000	0.032861
330.000000	0.032825
331.000000	0.032790
332.000000	0.032754
333.000000	0.032719
334.000000	0.032683
335.000000	0.032648
336.000000	0.032612
337.000000	0.032577
338.000000	0.032541
339.000000	0.032506
340.000000	0.032470
341.000000	0.032435
342.000000	0.032399
343.000000	0.032364
344.000000	0.032328
345.000000	0.032293
346.000000	0.032257
347.000000	0.032222
348.000000	0.032186
349.000000	0.032151
350.000000	0.032115
351.000000	0.032080
352.000000	0.032044
353.000000	0.032009
354.000000	0.031973
355.000000	0.031938
356.000000	0.031902
357.000000	0.031867
358.000000	0.031831
359.000000	0.031796
360.000000	0.031760
361.000000	0.031725
362.000000	0.031689
363.000000	0.031654
364.000000	0.031618
365.000000	0.031583
366.000000	0.031547
367.000000	0.031512
368.000000	0.031476
369.000000	0.031441
370.000000	0.031405
371.000000	0.031370
372.000000	0.031334
373.000000	0.031299
374.000000	0.031263
375.000000	0.031228
376.000000	0.031192
377.000000	0.031157
378.000000	0.031121
379.000000	0.031086
380.000000	0.031050
381.000000	0.031015
382.000000	0.030979
383.000000	0.030944
384.000000	0.030908
385.000000	0.030873
386.000000	0.030837
387.000000	0.030802
388.000000	0.030766
389.000000	0.030731
390.000000	0.030695
391.000000	0.030660
392.000000	0.030624
393.000000	0.030589
394.000000	0.030553
395.000000	0.030518
396.000000	0.030482
397.000000	0.030447
398.000000	0.030411
399.000000	0.030376
400.000000	0.030340
401.000000	0.030314
402.000000	0.030287
403.000000	0.030261
404.000000	0.030234
405.000000	0.030208
406.000000	0.030182
407.000000	0.030155
408.000000	0.030129
409.000000	0.030102
410.000000	0.030076
411.000000	0.030049
412.000000	0.030023
413.000000	0.029996
414.000000	0.029970
415.000000	0.029944
416.000000	0.029917
417.000000	0.029891
418.000000	0.029864
419.000000	0.029838
420.000000	0.029811
421.000000	0.029785
422.000000	0.029758
423.000000	0.029732
424.000000	0.029706
425.000000	0.029679
426.000000	0.029653
427.000000	0.029626
428.000000	0.029600
429.000000	0.029573
430.000000	0.029547
431.000000	0.029520
432.000000	0.029494
433.000000	0.029467
434.000000	0.029441
435.000000	0.029415
436.000000	0.029388
437.000000	0.029362
438.000000	0.029335
439.000000	0.029309
440.000000	0.029282
441.000000	0.029256
442.000000	0.029229
443.000000	0.029203
444.000000	0.029177
445.000000	0.029150
446.000000	0.029124
447.000000	0.029097
448.000000	0.029071
449.000000	0.029044
450.000000	0.029018
451.000000	0.028991
452.000000	0.028965
453.000000	0.028939
454.000000	0.028912
455.000000	0.028886
456.000000	0.028859
457.000000	0.028833
458.000000	0.028806
459.000000	0.028780
460.000000	0.028753
461.000000	0.028727
462.000000	0.028701
463.000000	0.028674
464.000000	0.028648
465.000000	0.028621
466.000000	0.028595
467.000000	0.028568
468.000000	0.028542
469.000000	0.028515
470.000000	0.028489
471.000000	0.028463
472.000000	0.028436
473.000000	0.028410
474.000000	0.028383
475.000000	0.028357
476.000000	0.028330
477.000000	0.028304
478.000000	0.028277
479.000000	0.028251
480.000000	0.028225
481.000000	0.028198
482.000000	0.028172
483.000000	0.028145
484.000000	0.028119
485.000000	0.028092
486.000000	0.028066
487.000000	0.028039
488.000000	0.028013
489.000000	0.027986
490.000000	0.027960
491.000000	0.027934
492.000000	0.027907
493.000000	0.027881
494.000000	0.027854
495.000000	0.027828
496.000000	0.027801
497.000000	0.027775
498.000000	0.027748
499.000000	0.027722
500.000000	0.027696
501.000000	0.027675
502.000000	0.027654
503.000000	0.027633
504.000000	0.027612
505.000000	0.027591
506.000000	0.027570
507.000000	0.027549
508.000000	0.027528
509.000000	0.027508
510.000000	0.027487
511.000000	0.027466
512.000000	0.027445
513.000000	0.027424
514.000000	0.027403
515.000000	0.027382
516.000000	0.027361
517.000000	0.027340
518.000000	0.027320
519.000000	0.027299
520.000000	0.027278
521.000000	0.027257
522.000000	0.027236
523.000000	0.027215
524.000000	0.027194
525.000000	0.027173
526.000000	0.027152
527.000000	0.027131
528.000000	0.027111
529.000000	0.027090
530.000000	0.027069
531.000000	0.027048
532.000000	0.027027
533.000000	0.027006
534.000000	0.026985
535.000000	0.026964
536.000000	0.026943
537.000000	0.026923
538.000000	0.026902
539.000000	0.026881
540.000000	0.026860
541.000000	0.026839
542.000000	0.026818
543.000000	0.026797
544.000000	0.026776
545.000000	0.026755
546.000000	0.026734
547.000000	0.026714
548.000000	0.026693
549.000000	0.026672
550.000000	0.026651
551.000000	0.026630
552.000000	0.026609
553.000000	0.026588
554.000000	0.026567
555.000000	0.026546
556.000000	0.026526
557.000000	0.026505
558.000000	0.026484
559.000000	0.026463
560.000000	0.026442
561.000000	0.026421
562.000000	0.026400
563.000000	0.026379
564.000000	0.026358
565.000000	0.026338
566.000000	0.026317
567.000000	0.026296
568.000000	0.026275
569.000000	0.026254
570.000000	0.026233
571.000000	0.026212
572.000000	0.026191
573.000000	0.026170
574.000000	0.026149
575.000000	0.026129
576.000000	0.026108
577.000000	0.026087
578.000000	0.026066
579.000000	0.026045
580.000000	0.026024
581.000000	0.026003
582.000000	0.025982
583.000000	0.025961
584.000000	0.025941
585.000000	0.025920
586.000000	0.025899
587.000000	0.025878
588.000000	0.025857
589.000000	0.025836
590.000000	0.025815
591.000000	0.025794
592.000000	0.025773
593.000000	0.025753
594.000000	0.025732
595.000000	0.025711
596.000000	0.025690
597.000000	0.025669
598.000000	0.025648
599.000000	0.025627
600.000000	0.025606
601.000000	0.025591
602.000000	0.025575
603.000000	0.025559
604.000000	0.025544
605.000000	0.025528
606.000000	0.025513
607.000000	0.025497
608.000000	0.025481
609.000000	0.025466
610.000000	0.025450
611.000000	0.025435
612.000000	0.025419
613.000000	0.025403
614.000000	0.025388
615.000000	0.025372
616.000000	0.025357
617.000000	0.025341
618.000000	0.025325
619.000000	0.025310
620.000000	0.025294
621.000000	0.025278
622.000000	0.025263
623.000000	0.025247
624.000000	0.025232
625.000000	0.025216
626.000000	0.025200
627.000000	0.025185
628.000000	0.025169
629.000000	0.025154
630.000000	0.025138
631.000000	0.025122
632.000000	0.025107
633.000000	0.025091
634.000000	0.025076
635.000000	0.025060
636.000000	0.025044
637.000000	0.025029
638.000000	0.025013
639.000000	0.024998
640.000000	0.024982
641.000000	0.024966
642.000000	0.024951
643.000000	0.024935
644.000000	0.024919
645.000000	0.024904
646.000000	0.024888
647.000000	0.024873
648.000000	0.024857
649.000000	0.024841
650.000000	0.024826
651.000000	0.024810
652.000000	0.024795
653.000000	0.024779
654.000000	0.024763
655.000000	0.024748
656.000000	0.024732
657.000000	0.024717
658.000000	0.024701
659.000000	0.024685
660.000000	0.024670
661.000000	0.024654
662.000000	0.024638
663.000000	0.024623
664.000000	0.024607
665.000000	0.024592
666.000000	0.024576
667.000000	0.024560
668.000000	0.024545
669.000000	0.024529
670.000000	0.024514
671.000000	0.024498
672.000000	0.024482
673.000000	0.024467
674.000000	0.024451
675.000000	0.024436
676.000000	0.024420
677.000000	0.024404
678.000000	0.024389
679.000000	0.024373
680.000000	0.024358
681.000000	0.024342
682.000000	0.024326
683.000000	0.024311
684.000000	0.024295
685.000000	0.024279
686.000000	0.024264
687.000000	0.024248
688.000000	0.024233
689.000000	0.024217
690.000000	0.024201
691.000000	0.024186
692.000000	0.024170
693.000000	0.024155
694.000000	0.024139
695.000000	0.024123
696.000000	0.024108
697.000000	0.024092
698.000000	0.024077
699.000000	0.024061
700.000000	0.024045
701.000000	0.024030
702.000000	0.024014
703.000000	0.023999
704.000000	0.023983
705.000000	0.023967
706.000000	0.023952
707.000000	0.023936
708.000000	0.023920
709.000000	0.023905
710.000000	0.023889
711.000000	0.023874
712.000000	0.023858
713.000000	0.023842
714.000000	0.023827
715.000000	0.023811
716.000000	0.023796
717.000000	0.023780
718.000000	0.023764
719.000000	0.023749
720.000000	0.023733
721.000000	0.023718
722.000000	0.023702
723.000000	0.023686
724.000000	0.023671
725.000000	0.023655
726.000000	0.023639
727.000000	0.023624
728.000000	0.023608
729.000000	0.023593
730.000000	0.023577
731.000000	0.023561
732.000000	0.023546
733.000000	0.023530
734.000000	0.023515
735.000000	0.023499
736.000000	0.023483
737.000000	0.023468
738.000000	0.023452
739.000000	0.023437
740.000000	0.023421
741.000000	0.023405
742.000000	0.023390
743.000000	0.023374
744.000000	0.023359
745.000000	0.023343
746.000000	0.023327
747.000000	0.023312
748.000000	0.023296
749.000000	0.023280
750.000000	0.023265
751.000000	0.023249
752.000000	0.023234
753.000000	0.023218
754.000000	0.023202
755.000000	0.023187
756.000000	0.023171
757.000000	0.023156
758.000000	0.023140
759.000000	0.023124
760.000000	0.023109
761.000000	0.023093
762.000000	0.023078
763.000000	0.023062
764.000000	0.023046
765.000000	0.023031
766.000000	0.023015
767.000000	0.023000
768.000000	0.022984
769.000000	0.022968
770.000000	0.022953
771.000000	0.022937
772.000000	0.022921
773.000000	0.022906
774.000000	0.022890
775.000000	0.022875
776.000000	0.022859
777.000000	0.022843
778.000000	0.022828
779.000000	0.022812
780.000000	0.022797
781.000000	0.022781
782.000000	0.022765
783.000000	0.022750
784.000000	0.022734
785.000000	0.022719
786.000000	0.022703
787.000000	0.022687
788.000000	0.022672
789.000000	0.022656
790.000000	0.022640
791.000000	0.022625
792.000000	0.022609
793.000000	0.022594
794.000000	0.022578
795.000000	0.022562
796.000000	0.022547
797.000000	0.022531
798.000000	0.022516
799.000000	0.022500
800.000000	0.022484
801.000000	0.022473
802.000000	0.022462
803.000000	0.022450
804.000000	0.022439
805.000000	0.022428
806.000000	0.022416
807.000000	0.022405
808.000000	0.022393
809.000000	0.022382
810.000000	0.022371
811.000000	0.022359
812.000000	0.022348
813.000000	0.022337
814.000000	0.022325
815.000000	0.022314
816.000000	0.022303
817.000000	0.022291
818.000000	0.022280
819.000000	0.022269
820.000000	0.022257
821.000000	0.022246
822.000000	0.022234
823.000000	0.022223
824.000000	0.022212
825.000000	0.022200
826.000000	0.022189
827.000000	0.022178
828.000000	0.022166
829.000000	0.022155
830.000000	0.022144
831.000000	0.022132
832.000000	0.022121
833.000000	0.022109
834.000000	0.022098
835.000000	0.022087
836.000000	0.022075
837.000000	0.022064
838.000000	0.022053
839.000000	0.022041
840.000000	0.022030
841.000000	0.022019
842.000000	0.022007
843.000000	0.021996
844.000000	0.021984
845.000000	0.021973
846.000000	0.021962
847.000000	0.021950
848.000000	0.021939
849.000000	0.021928
850.000000	0.021916
851.000000	0.021905
852.000000	0.021894
853.000000	0.021882
854.000000	0.021871
855.000000	0.021859
856.000000	0.021848
857.000000	0.021837
858.000000	0.021825
859.000000	0.021814
860.000000	0.021803
861.000000	0.021791
862.000000	0.021780
863.000000	0.021769
864.000000	0.021757
865.000000	0.021746
866.000000	0.021734
867.000000	0.021723
868.000000	0.021712
869.000000	0.021700
870.000000	0.021689
871.000000	0.021678
872.000000	0.021666
873.000000	0.021655
874.000000	0.021644
875.000000	0.021632
876.000000	0.021621
877.000000	0.021609
878.000000	0.021598
879.000000	0.021587
880.000000	0.021575
881.000000	0.021564
882.000000	0.021553
883.000000	0.021541
884.000000	0.021530
885.000000	0.021519
886.000000	0.021507
887.000000	0.021496
888.000000	0.021484
889.000000	0.021473
890.000000	0.021462
891.000000	0.021450
892.000000	0.021439
893.000000	0.021428
894.000000	0.021416
895.000000	0.021405
896.000000	0.021394
897.000000	0.021382
898.000000	0.021371
899.000000	0.021359
900.000000	0.021348
901.000000	0.021337
902.000000	0.021325
903.000000	0.021314
904.000000	0.021303
905.000000	0.021291
906.000000	0.021280
907.000000	0.021269
908.000000	0.021257
909.000000	0.021246
910.000000	0.021234
911.000000	0.021223
912.000000	0.021212
913.000000	0.021200
914.000000	0.021189
915.000000	0.021178
916.000000	0.021166
917.000000	0.021155
918.000000	0.021144
919.000000	0.021132
920.000000	0.021121
921.000000	0.021109
922.000000	0.021098
923.000000	0.021087
924.000000	0.021075
925.000000	0.021064
926.000000	0.021053
927.000000	0.021041
928.000000	0.021030
929.000000	0.021019
930.000000	0.021007
931.000000	0.020996
932.000000	0.020984
933.000000	0.020973
934.000000	0.020962
935.000000	0.020950
936.000000	0.020939
937.000000	0.020928
938.000000	0.020916
939.000000	0.020905
940.000000	0.020894
941.000000	0.020882
942.000000	0.020871
943.000000	0.020860
944.000000	0.020848
945.000000	0.020837
946.000000	0.020825
947.000000	0.020814
948.000000	0.020803
949.000000	0.020791
950.000000	0.020780
951.000000	0.020769
952.000000	0.020757
953.000000	0.020746
954.000000	0.020735
955.000000	0.020723
956.000000	0.020712
957.000000	0.020700
958.000000	0.020689
959.000000	0.020678
960.000000	0.020666
961.000000	0.020655
962.000000	0.020644
963.000000	0.020632
964.000000	0.020621
965.000000	0.020610
966.000000	0.020598
967.000000	0.020587
968.000000	0.020575
969.000000	0.020564
970.000000	0.020553
971.000000	0.020541
972.000000	0.020530
973.000000	0.020519
974.000000	0.020507
975.000000	0.020496
976.000000	0.020485
977.000000	0.020473
978.000000	0.020462
979.000000	0.020450
980.000000	0.020439
981.000000	0.020428
982.000000	0.020416
983.000000	0.020405
984.000000	0.020394
985.000000	0.020382
986.000000	0.020371
987.000000	0.020360
988.000000	0.020348
989.000000	0.020337
990.000000	0.020325
991.000000	0.020314
992.000000	0.020303
993.000000	0.020291
994.000000	0.020280
995.000000	0.020269
996.000000	0.020257
997.000000	0.020246
998.000000	0.020235
999.000000	0.020223
1000.000000	0.020212