1.000000	584.037212
2.000000	83.608245
3.000000	39.083336
4.000000	19.325765
5.000000	10.215732
6.000000	6.040092
7.000000	4.331839
8.000000	2.623586
9.000000	2.000519
10.000000	1.377452
11.000000	1.190840
12.000000	1.004228
13.000000	0.817616
14.000000	0.631004
15.000000	0.444392
16.000000	0.398574
17.000000	0.352756
18.000000	0.306938
19.000000	0.261119
20.000000	0.215301
21.000000	0.203446
22.000000	0.191590
23.000000	0.179734
24.000000	0.167879
25.000000	0.156023
26.000000	0.144168
27.000000	0.132312
28.000000	0.120456
29.000000	0.108601
30.000000	0.096745
31.000000	0.093762
32.000000	0.090779
33.000000	0.087796
34.000000	0.084813
35.000000	0.081830
36.000000	0.078847
37.000000	0.075863
38.000000	0.072880
39.000000	0.069897
40.000000	0.066914
41.000000	0.065770
42.000000	0.064626
43.000000	0.063482
44.000000	0.062338
45.000000	0.061194
46.000000	0.060049
47.000000	0.058905
48.000000	0.057761
49.000000	0.056617
50.000000	0.055473
51.000000	0.054897
52.000000	0.054321
53.000000	0.053744
54.000000	0.053168
55.000000	0.052592
56.000000	0.052016
57.000000	0.051439
58.000000	0.050863
59.000000	0.050287
60.000000	0.049711
61.000000	0.049418
62.000000	0.049125
63.000000	0.048832
64.000000	0.048539
65.000000	0.048246
66.000000	0.047953
67.000000	0.047660
68.000000	0.047367
69.000000	0.047074
70.000000	0.046780
71.000000	0.046487
72.000000	0.046194
73.000000	0.045901
74.000000	0.045608
75.000000	0.045315
76.000000	0.045022
77.000000	0.044729
78.000000	0.044436
79.000000	0.044143
80.000000	0.043850
81.000000	0.043687
82.000000	0.043523
83.000000	0.043360
84.000000	0.043197
85.000000	0.043033
86.000000	0.042870
87.000000	0.042706
88.000000	0.042543
89.000000	0.042379
90.000000	0.042216
91.000000	0.042053
92.000000	0.041889
93.000000	0.041726
94.000000	0.041562
95.000000	0.041399
96.000000	0.041236
97.000000	0.041072
98.000000	0.040909
99.000000	0.040745
100.000000	0.040582
101.000000	0.040483
102.000000	0.040384
103.000000	0.040285
104.000000	0.040187
105.000000	0.040088
106.000000	0.039989
107.000000	0.039890
108.000000	0.039791
109.000000	0.039693
110.000000	0.039594
111.000000	0.039495
112.000000	0.039396
113.000000	0.039297
114.000000	0.039199
115.000000	0.039100
116.000000	0.039001
117.000000	0.038902
118.000000	0.038803
119.000000	0.038705
120.000000	0.038606
121.000000	0.038507
122.000000	0.038408
123.000000	0.038309
124.000000	0.038211
125.000000	0.038112
126.000000	0.038013
127.000000	0.037914
128.000000	0.037815
129.000000	0.037717
130.000000	0.037618
131.000000	0.037519
132.000000	0.037420
133.000000	0.037321
134.000000	0.037223
135.000000	0.037124
136.000000	0.037025
137.000000	0.036926
138.000000	0.036827
139.000000	0.036729
140.000000	0.036630
141.000000	0.036531
142.000000	0.036432
143.000000	0.036334
144.000000	0.036235
145.000000	0.036136
146.000000	0.036037
147.000000	0.035938
148.000000	0.035840
149.000000	0.035741
150.000000	0.035642
151.000000	0.035577
152.000000	0.035512
153.000000	0.035448
154.000000	0.035383
155.000000	0.035318
156.000000	0.035253
157.000000	0.035189
158.000000	0.035124
159.000000	0.035059
160.000000	0.034994
161.000000	0.034930
162.000000	0.034865
163.000000	0.034800
164.000000	0.034735
165.000000	0.034671
166.000000	0.034606
167.000000	0.034541
168.000000	0.034476
169.000000	0.034412
170.000000	0.034347
171.000000	0.034282
172.000000	0.034218
173.000000	0.034153
174.000000	0.034088
175.000000	0.034023
176.000000	0.033959
177.000000	0.033894
178.000000	0.033829
179.000000	0.033764
180.000000	0.033700
181.000000	0.033635
182.000000	0.033570
183.000000	0.033505
184.000000	0.033441
185.000000	0.033376
186.000000	0.033311
187.000000	0.033246
188.000000	0.033182
189.000000	0.033117
190.000000	0.033052
191.000000	0.032987
192.000000	0.032923
193.000000	0.032858
194.000000	0.032793
195.000000	0.032728
196.000000	0.032664
197.000000	0.032599
198.000000	0.032534
199.000000	0.032469
200.000000	0.032405
201.000000	0.032361
202.000000	0.032317
203.000000	0.032274
204.000000	0.032230
205.000000	0.032187
206.000000	0.032143
207.000000	0.032100
208.000000	0.032056
209.000000	0.032012
210.000000	0.031969
211.000000	0.031925
212.000000	0.031882
213.000000	0.031838
214.000000	0.031795
215.000000	0.031751
216.000000	0.031707
217.000000	0.031664
218.000000	0.031620
219.000000	0.031577
220.000000	0.031533
221.000000	0.031489
222.000000	0.031446
223.000000	0.031402
224.000000	0.031359
225.000000	0.031315
226.000000	0.031272
227.000000	0.031228
228.000000	0.031184
229.000000	0.031141
230.000000	0.031097
231.000000	0.031054
232.000000	0.031010
233.000000	0.030967
234.000000	0.030923
235.000000	0.030879
236.000000	0.030836
237.000000	0.030792
238.000000	0.030749
239.000000	0.030705
240.000000	0.030661
241.000000	0.030618
242.000000	0.030574
243.000000	0.030531
244.000000	0.030487
245.000000	0.030444
246.000000	0.030400
247.000000	0.030356
248.000000	0.030313
249.000000	0.030269
250.000000	0.030226
251.000000	0.030182
252.000000	0.030139
253.000000	0.030095
254.000000	0.030051
255.000000	0.030008
256.000000	0.029964
257.000000	0.029921
258.000000	0.029877
259.000000	0.029834
260.000000	0.029790
261.000000	0.029746
262.000000	0.029703
263.000000	0.029659
264.000000	0.029616
265.000000	0.029572
266.000000	0.029528
267.000000	0.029485
268.000000	0.029441
269.000000	0.029398
270.000000	0.029354
271.000000	0.029311
272.000000	0.029267
273.000000	0.029223
274.000000	0.029180
275.000000	0.029136
276.000000	0.029093
277.000000	0.029049
278.000000	0.029006
279.000000	0.028962
280.000000	0.028918
281.000000	0.028875
282.000000	0.028831
283.000000	0.028788
284.000000	0.028744
285.000000	0.028700
286.000000	0.028657
287.000000	0.028613
288.000000	0.028570
289.000000	0.028526
290.000000	0.028483
291.000000	0.028439
292.000000	0.028395
293.000000	0.028352
294.000000	0.028308
295.000000	0.028265
296.000000	0.028221
297.000000	0.028178
298.000000	0.028134
299.000000	0.028090
300.000000	0.028047
301.000000	0.028017
302.000000	0.027988
303.000000	0.027958
304.000000	0.027929
305.000000	0.027899
306.000000	0.027870
307.000000	0.027840
308.000000	0.027811
309.000000	0.027781
310.000000	0.027752
311.000000	0.027722
312.000000	0.027693
313.000000	0.027664
314.000000	0.027634
315.000000	0.027605
316.000000	0.027575
317.000000	0.027546
318.000000	0.027516
319.000000	0.027487
320.000000	0.027457
321.000000	0.027428
322.000000	0.027398
323.000000	0.027369
324.000000	0.027339
325.000000	0.027310
326.000000	0.027280
327.000000	0.027251
328.000000	0.027221
329.000000	0.027192
330.000000	0.027162
331.000000	0.027133
332.000000	0.027103
333.000000	0.027074
334.000000	0.027044
335.000000	0.027015
336.000000	0.026985
337.000000	0.026956
338.000000	0.026926
339.000000	0.026897
340.000000	0.026867
341.000000	0.026838
342.000000	0.026809
343.000000	0.026779
344.000000	0.026750
345.000000	0.026720
346.000000	0.026691
347.000000	0.026661
348.000000	0.026632
349.000000	0.026602
350.000000	0.026573
351.000000	0.026543
352.000000	0.026514
353.000000	0.026484
354.000000	0.026455
355.000000	0.026425
356.000000	0.026396
357.000000	0.026366
358.000000	0.026337
359.000000	0.026307
360.000000	0.026278
361.000000	0.026248
362.000000	0.026219
363.000000	0.026189
364.000000	0.026160
365.000000	0.026130
366.000000	0.026101
367.000000	0.026071
368.000000	0.026042
369.000000	0.026013
370.000000	0.025983
371.000000	0.025954
372.000000	0.025924
373.000000	0.025895
374.000000	0.025865
375.000000	0.025836
376.000000	0.025806
377.000000	0.025777
378.000000	0.025747
379.000000	0.025718
380.000000	0.025688
381.000000	0.025659
382.000000	0.025629
383.000000	0.025600
384.000000	0.025570
385.000000	0.025541
386.000000	0.025511
387.000000	0.025482
388.000000	0.025452
389.000000	0.025423
390.000000	0.025393
391.000000	0.025364
392.000000	0.025334
393.000000	0.025305
394.000000	0.025275
395.000000	0.025246
396.000000	0.025216
397.000000	0.025187
398.000000	0.025158
399.000000	0.025128
400.000000	0.025099
401.000000	0.025077
402.000000	0.025055
403.000000	0.025033
404.000000	0.025011
405.000000	0.024989
406.000000	0.024967
407.000000	0.024945
408.000000	0.024923
409.000000	0.024901
410.000000	0.024879
411.000000	0.024857
412.000000	0.024836
413.000000	0.024814
414.000000	0.024792
415.000000	0.024770
416.000000	0.024748
417.000000	0.024726
418.000000	0.024704
419.000000	0.024682
420.000000	0.024660
421.000000	0.024638
422.000000	0.024616
423.000000	0.024594
424.000000	0.024573
425.000000	0.024551
426.000000	0.024529
427.000000	0.024507
428.000000	0.024485
429.000000	0.024463
430.000000	0.024441
431.000000	0.024419
432.000000	0.024397
433.000000	0.024375
434.000000	0.024353
435.000000	0.024331
436.000000	0.024310
437.000000	0.024288
438.000000	0.024266
439.000000	0.024244
440.000000	0.024222
441.000000	0.024200
442.000000	0.024178
443.000000	0.024156
444.000000	0.024134
445.000000	0.024112
446.000000	0.024090
447.000000	0.024068
448.000000	0.024047
449.000000	0.024025
450.000000	0.024003
451.000000	0.023981
452.000000	0.023959
453.000000	0.023937
454.000000	0.023915
455.000000	0.023893
456.000000	0.023871
457.000000	0.023849
458.000000	0.023827
459.000000	0.023806
460.000000	0.023784
461.000000	0.023762
462.000000	0.023740
463.000000	0.023718
464.000000	0.023696
465.000000	0.023674
466.000000	0.023652
467.000000	0.023630
468.000000	0.023608
469.000000	0.023586
470.000000	0.023564
471.000000	0.023543
472.000000	0.023521
473.000000	0.023499
474.000000	0.023477
475.000000	0.023455
476.000000	0.023433
477.000000	0.023411
478.000000	0.023389
479.000000	0.023367
480.000000	0.023345
481.000000	0.023323
482.000000	0.023301
483.000000	0.023280
484.000000	0.023258
485.000000	0.023236
486.000000	0.023214
487.000000	0.023192
488.000000	0.023170
489.000000	0.023148
490.000000	0.023126
491.000000	0.023104
492.000000	0.023082
493.000000	0.023060
494.000000	0.023038
495.000000	0.023017
496.000000	0.022995
497.000000	0.022973
498.000000	0.022951
499.000000	0.022929
500.000000	0.022907
501.000000	0.022890
502.000000	0.022872
503.000000	0.022855
504.000000	0.022838
505.000000	0.022820
506.000000	0.022803
507.000000	0.022786
508.000000	0.022769
509.000000	0.022751
510.000000	0.022734
511.000000	0.022717
512.000000	0.022699
513.000000	0.022682
514.000000	0.022665
515.000000	0.022647
516.000000	0.022630
517.000000	0.022613
518.000000	0.022596
519.000000	0.022578
520.000000	0.022561
521.000000	0.022544
522.000000	0.022526
523.000000	0.022509
524.000000	0.022492
525.000000	0.022475
526.000000	0.022457
527.000000	0.022440
528.000000	0.022423
529.000000	0.022405
530.000000	0.022388
531.000000	0.022371
532.000000	0.022353
533.000000	0.022336
534.000000	0.022319
535.000000	0.022302
536.000000	0.022284
537.000000	0.022267
538.000000	0.022250
539.000000	0.022232
540.000000	0.022215
541.000000	0.022198
542.000000	0.022180
543.000000	0.022163
544.000000	0.022146
545.000000	0.022129
546.000000	0.022111
547.000000	0.022094
548.000000	0.022077
549.000000	0.022059
550.000000	0.022042
551.000000	0.022025
552.000000	0.022007
553.000000	0.021990
554.000000	0.021973
555.000000	0.021956
556.000000	0.021938
557.000000	0.021921
558.000000	0.021904
559.000000	0.021886
560.000000	0.021869
561.000000	0.021852
562.000000	0.021834
563.000000	0.021817
564.000000	0.021800
565.000000	0.021783
566.000000	0.021765
567.000000	0.021748
568.000000	0.021731
569.000000	0.021713
570.000000	0.021696
571.000000	0.021679
572.000000	0.021661
573.000000	0.021644
574.000000	0.021627
575.000000	0.021610
576.000000	0.021592
577.000000	0.021575
578.000000	0.021558
579.000000	0.021540
580.000000	0.021523
581.000000	0.021506
582.000000	0.021489
583.000000	0.021471
584.000000	0.021454
585.000000	0.021437
586.000000	0.021419
587.000000	0.021402
588.000000	0.021385
589.000000	0.021367
590.000000	0.021350
591.000000	0.021333
592.000000	0.021316
593.000000	0.021298
594.000000	0.021281
595.000000	0.021264
596.000000	0.021246
597.000000	0.021229
598.000000	0.021212
599.000000	0.021194
600.000000	0.021177
601.000000	0.021164
602.000000	0.021151
603.000000	0.021138
604.000000	0.021125
605.000000	0.021113
606.000000	0.021100
607.000000	0.021087
608.000000	0.021074
609.000000	0.021061
610.000000	0.021048
611.000000	0.021035
612.000000	0.021022
613.000000	0.021009
614.000000	0.020996
615.000000	0.020983
616.000000	0.020970
617.000000	0.020958
618.000000	0.020945
619.000000	0.020932
620.000000	0.020919
621.000000	0.020906
622.000000	0.020893
623.000000	0.020880
624.000000	0.020867
625.000000	0.020854
626.000000	0.020841
627.000000	0.020828
628.000000	0.020815
629.000000	0.020803
630.000000	0.020790
631.000000	0.020777
632.000000	0.020764
633.000000	0.020751
634.000000	0.020738
635.000000	0.020725
636.000000	0.020712
637.000000	0.020699
638.000000	0.020686
639.000000	0.020673
640.000000	0.020660
641.000000	0.020648
642.000000	0.020635
643.000000	0.020622
644.000000	0.020609
645.000000	0.020596
646.000000	0.020583
647.000000	0.020570
648.000000	0.020557
649.000000	0.020544
650.000000	0.020531
651.000000	0.020518
652.000000	0.020505
653.000000	0.020493
654.000000	0.020480
655.000000	0.020467
656.000000	0.020454
657.000000	0.020441
658.000000	0.020428
659.000000	0.020415
660.000000	0.020402
661.000000	0.020389
662.000000	0.020376
663.000000	0.020363
664.000000	0.020350
665.000000	0.020338
666.000000	0.020325
667.000000	0.020312
668.000000	0.020299
669.000000	0.020286
670.000000	0.020273
671.000000	0.020260
672.000000	0.020247
673.000000	0.020234
674.000000	0.020221
675.000000	0.020208
676.000000	0.020195
677.000000	0.020183
678.000000	0.020170
679.000000	0.020157
680.000000	0.020144
681.000000	0.020131
682.000000	0.020118
683.000000	0.020105
684.000000	0.020092
685.000000	0.020079
686.000000	0.020066
687.000000	0.020053
688.000000	0.020040
689.000000	0.020028
690.000000	0.020015
691.000000	0.020002
692.000000	0.019989
693.000000	0.019976
694.000000	0.019963
695.000000	0.019950
696.000000	0.019937
697.000000	0.019924
698.000000	0.019911
699.000000	0.019898
700.000000	0.019885
701.000000	0.019873
702.000000	0.019860
703.000000	0.019847
704.000000	0.019834
705.000000	0.019821
706.000000	0.019808
707.000000	0.019795
708.000000	0.019782
709.000000	0.019769
710.000000	0.019756
711.000000	0.019743
712.000000	0.019730
713.000000	0.019718
714.000000	0.019705
715.000000	0.019692
716.000000	0.019679
717.000000	0.019666
718.000000	0.019653
719.000000	0.019640
720.000000	0.019627
721.000000	0.019614
722.000000	0.019601
723.000000	0.019588
724.000000	0.019575
725.000000	0.019563
726.000000	0.019550
727.000000	0.019537
728.000000	0.019524
729.000000	0.019511
730.000000	0.019498
731.000000	0.019485
732.000000	0.019472
733.000000	0.019459
734.000000	0.019446
735.000000	0.019433
736.000000	0.019420
737.000000	0.019408
738.000000	0.019395
739.000000	0.019382
740.000000	0.019369
741.000000	0.019356
742.000000	0.019343
743.000000	0.019330
744.000000	0.019317
745.000000	0.019304
746.000000	0.019291
747.000000	0.019278
748.000000	0.019265
749.000000	0.019253
750.000000	0.019240
751.000000	0.019227
752.000000	0.019214
753.000000	0.019201
754.000000	0.019188
755.000000	0.019175
756.000000	0.019162
757.000000	0.019149
758.000000	0.019136
759.000000	0.019123
760.000000	0.019110
761.000000	0.019098
762.000000	0.019085
763.000000	0.019072
764.000000	0.019059
765.000000	0.019046
766.000000	0.019033
767.000000	0.019020
768.000000	0.019007
769.000000	0.018994
770.000000	0.018981
771.000000	0.018968
772.000000	0.018955
773.000000	0.018943
774.000000	0.018930
775.000000	0.018917
776.000000	0.018904
777.000000	0.018891
778.000000	0.018878
779.000000	0.018865
780.000000	0.018852
781.000000	0.018839
782.000000	0.018826
783.000000	0.018813
784.000000	0.018800
785.000000	0.018788
786.000000	0.018775
787.000000	0.018762
788.000000	0.018749
789.000000	0.018736
790.000000	0.018723
791.000000	0.018710
792.000000	0.018697
793.000000	0.018684
794.000000	0.018671
795.000000	0.018658
796.000000	0.018645
797.000000	0.018633
798.000000	0.018620
799.000000	0.018607
800.000000	0.018594
801.000000	0.018584
802.000000	0.018575
803.000000	0.018566
804.000000	0.018556
805.000000	0.018547
806.000000	0.018537
807.000000	0.018528
808.000000	0.018519
809.000000	0.018509
810.000000	0.018500
811.000000	0.018490
812.000000	0.018481
813.000000	0.018472
814.000000	0.018462
815.000000	0.018453
816.000000	0.018443
817.000000	0.018434
818.000000	0.018425
819.000000	0.018415
820.000000	0.018406
821.000000	0.018396
822.000000	0.018387
823.000000	0.018378
824.000000	0.018368
825.000000	0.018359
826.000000	0.018349
827.000000	0.018340
828.000000	0.018331
829.000000	0.018321
830.000000	0.018312
831.000000	0.018302
832.000000	0.018293
833.000000	0.018284
834.000000	0.018274
835.000000	0.018265
836.000000	0.018255
837.000000	0.018246
838.000000	0.018237
839.000000	0.018227
840.000000	0.018218
841.000000	0.018208
842.000000	0.018199
843.000000	0.018190
844.000000	0.018180
845.000000	0.018171
846.000000	0.018161
847.000000	0.018152
848.000000	0.018143
849.000000	0.018133
850.000000	0.018124
851.000000	0.018114
852.000000	0.018105
853.000000	0.018096
854.000000	0.018086
855.000000	0.018077
856.000000	0.018067
857.000000	0.018058
858.000000	0.018049
859.000000	0.018039
860.000000	0.018030
861.000000	0.018020
862.000000	0.018011
863.000000	0.018002
864.000000	0.017992
865.000000	0.017983
866.000000	0.017973
867.000000	0.017964
868.000000	0.017955
869.000000	0.017945
870.000000	0.017936
871.000000	0.017926
872.000000	0.017917
873.000000	0.017908
874.000000	0.017898
875.000000	0.017889
876.000000	0.017879
877.000000	0.017870
878.000000	0.017861
879.000000	0.017851
880.000000	0.017842
881.000000	0.017832
882.000000	0.017823
883.000000	0.017814
884.000000	0.017804
885.000000	0.017795
886.000000	0.017785
887.000000	0.017776
888.000000	0.017767
889.000000	0.017757
890.000000	0.017748
891.000000	0.017738
892.000000	0.017729
893.000000	0.017720
894.000000	0.017710
895.000000	0.017701
896.000000	0.017691
897.000000	0.017682
898.000000	0.017673
899.000000	0.017663
900.000000	0.017654
901.000000	0.017644
902.000000	0.017635
903.000000	0.017626
904.000000	0.017616
905.000000	0.017607
906.000000	0.017597
907.000000	0.017588
908.000000	0.017579
909.000000	0.017569
910.000000	0.017560
911.000000	0.017550
912.000000	0.017541
913.000000	0.017532
914.000000	0.017522
915.000000	0.017513
916.000000	0.017503
917.000000	0.017494
918.000000	0.017485
919.000000	0.017475
920.000000	0.017466
921.000000	0.017456
922.000000	0.017447
923.000000	0.017438
924.000000	0.017428
925.000000	0.017419
926.000000	0.017409
927.000000	0.017400
928.000000	0.017391
929.000000	0.017381
930.000000	0.017372
931.000000	0.017362
932.000000	0.017353
933.000000	0.017344
934.000000	0.017334
935.000000	0.017325
936.000000	0.017315
937.000000	0.017306
938.000000	0.017297
939.000000	0.017287
940.000000	0.017278
941.000000	0.017268
942.000000	0.017259
943.000000	0.017250
944.000000	0.017240
945.000000	0.017231
946.000000	0.017221
947.000000	0.017212
948.000000	0.017203
949.000000	0.017193
950.000000	0.017184
951.000000	0.017174
952.000000	0.017165
953.000000	0.017156
954.000000	0.017146
955.000000	0.017137
956.000000	0.017127
957.000000	0.017118
958.000000	0.017109
959.000000	0.017099
960.000000	0.017090
961.000000	0.017080
962.000000	0.017071
963.000000	0.017062
964.000000	0.017052
965.000000	0.017043
966.000000	0.017033
967.000000	0.017024
968.000000	0.017015
969.000000	0.017005
970.000000	0.016996
971.000000	0.016986
972.000000	0.016977
973.000000	0.016968
974.000000	0.016958
975.000000	0.016949
976.000000	0.016939
977.000000	0.016930
978.000000	0.016921
979.000000	0.016911
980.000000	0.016902
981.000000	0.016892
982.000000	0.016883
983.000000	0.016874
984.000000	0.016864
985.000000	0.016855
986.000000	0.016845
987.000000	0.016836
988.000000	0.016827
989.000000	0.016817
990.000000	0.016808
991.000000	0.016798
992.000000	0.016789
993.000000	0.016780
994.000000	0.016770
995.000000	0.016761
996.000000	0.016751
997.000000	0.016742
998.000000	0.016733
999.000000	0.016723
1000.000000	0.016714