1.000000	1725.139685
2.000000	242.443915
3.000000	87.235779
4.000000	38.290020
5.000000	24.829863
6.000000	14.665297
7.000000	10.482980
8.000000	8.487149
9.000000	6.516092
10.000000	4.545035
11.000000	3.935981
12.000000	3.326927
13.000000	2.717872
14.000000	2.108818
15.000000	1.499764
16.000000	1.344694
17.000000	1.189624
18.000000	1.034554
19.000000	0.879484
20.000000	0.724414
21.000000	0.683184
22.000000	0.641954
23.000000	0.600723
24.000000	0.559493
25.000000	0.518263
26.000000	0.477032
27.000000	0.435802
28.000000	0.394571
29.000000	0.353341
30.000000	0.312111
31.000000	0.301542
32.000000	0.290973
33.000000	0.280403
34.000000	0.269834
35.000000	0.259265
36.000000	0.248696
37.000000	0.238127
38.000000	0.227558
39.000000	0.216989
40.000000	0.206420
41.000000	0.202377
42.000000	0.198333
43.000000	0.194290
44.000000	0.190247
45.000000	0.186204
46.000000	0.182160
47.000000	0.178117
48.000000	0.174074
49.000000	0.170030
50.000000	0.165987
51.000000	0.163988
52.000000	0.161989
53.000000	0.159991
54.000000	0.157992
55.000000	0.155993
56.000000	0.153994
57.000000	0.151995
58.000000	0.149996
59.000000	0.147997
60.000000	0.145998
61.000000	0.145019
62.000000	0.144039
63.000000	0.143060
64.000000	0.142080
65.000000	0.141101
66.000000	0.140121
67.000000	0.139141
68.000000	0.138162
69.000000	0.137182
70.000000	0.136203
71.000000	0.135223
72.000000	0.134243
73.000000	0.133264
74.000000	0.132284
75.000000	0.131305
76.000000	0.130325
77.000000	0.129346
78.000000	0.128366
79.000000	0.127386
80.000000	0.126407
81.000000	0.125890
82.000000	0.125372
83.000000	0.124855
84.000000	0.124338
85.000000	0.123821
86.000000	0.123304
87.000000	0.122787
88.000000	0.122269
89.000000	0.121752
90.000000	0.121235
91.000000	0.120718
92.000000	0.120201
93.000000	0.119683
94.000000	0.119166
95.000000	0.118649
96.000000	0.118132
97.000000	0.117615
98.000000	0.117097
99.000000	0.116580
100.000000	0.116063
101.000000	0.115767
102.000000	0.115471
103.000000	0.115175
104.000000	0.114879
105.000000	0.114583
106.000000	0.114287
107.000000	0.113991
108.000000	0.113695
109.000000	0.113399
110.000000	0.113103
111.000000	0.112807
112.000000	0.112511
113.000000	0.112215
114.000000	0.111919
115.000000	0.111624
116.000000	0.111328
117.000000	0.111032
118.000000	0.110736
119.000000	0.110440
120.000000	0.110144
121.000000	0.109848
122.000000	0.109552
123.000000	0.109256
124.000000	0.108960
125.000000	0.108664
126.000000	0.108368
127.000000	0.108072
128.000000	0.107776
129.000000	0.107480
130.000000	0.107184
131.000000	0.106888
132.000000	0.106592
133.000000	0.106296
134.000000	0.106000
135.000000	0.105704
136.000000	0.105408
137.000000	0.105112
138.000000	0.104816
139.000000	0.104520
140.000000	0.104224
141.000000	0.103928
142.000000	0.103632
143.000000	0.103336
144.000000	0.103040
145.000000	0.102744
146.000000	0.102448
147.000000	0.102152
148.000000	0.101856
149.000000	0.101560
150.000000	0.101264
151.000000	0.101077
152.000000	0.100890
153.000000	0.100703
154.000000	0.100515
155.000000	0.100328
156.000000	0.100141
157.000000	0.099953
158.000000	0.099766
159.000000	0.099579
160.000000	0.099392
161.000000	0.099204
162.000000	0.099017
163.000000	0.098830
164.000000	0.098642
165.000000	0.098455
166.000000	0.098268
167.000000	0.098080
168.000000	0.097893
169.000000	0.097706
170.000000	0.097519
171.000000	0.097331
172.000000	0.097144
173.000000	0.096957
174.000000	0.096769
175.000000	0.096582
176.000000	0.096395
177.000000	0.096208
178.000000	0.096020
179.000000	0.095833
180.000000	0.095646
181.000000	0.095458
182.000000	0.095271
183.000000	0.095084
184.000000	0.094897
185.000000	0.094709
186.000000	0.094522
187.000000	0.094335
188.000000	0.094147
189.000000	0.093960
190.000000	0.093773
191.000000	0.093585
192.000000	0.093398
193.000000	0.093211
194.000000	0.093024
195.000000	0.092836
196.000000	0.092649
197.000000	0.092462
198.000000	0.092274
199.000000	0.092087
200.000000	0.091900
201.000000	0.091775
202.000000	0.091651
203.000000	0.091527
204.000000	0.091402
205.000000	0.091278
206.000000	0.091153
207.000000	0.091029
208.000000	0.090905
209.000000	0.090780
210.000000	0.090656
211.000000	0.090531
212.000000	0.090407
213.000000	0.090283
214.000000	0.090158
215.000000	0.090034
216.000000	0.089909
217.000000	0.089785
218.000000	0.089661
219.000000	0.089536
220.000000	0.089412
221.000000	0.089287
222.000000	0.089163
223.000000	0.089039
224.000000	0.088914
225.000000	0.088790
226.000000	0.088665
227.000000	0.088541
228.000000	0.088417
229.000000	0.088292
230.000000	0.088168
231.000000	0.088043
232.000000	0.087919
233.000000	0.087795
234.000000	0.087670
235.000000	0.087546
236.000000	0.087421
237.000000	0.087297
238.000000	0.087173
239.000000	0.087048
240.000000	0.086924
241.000000	0.086799
242.000000	0.086675
243.000000	0.086551
244.000000	0.086426
245.000000	0.086302
246.000000	0.086177
247.000000	0.086053
248.000000	0.085929
249.000000	0.085804
250.000000	0.085680
251.000000	0.085555
252.000000	0.085431
253.000000	0.085307
254.000000	0.085182
255.000000	0.085058
256.000000	0.084933
257.000000	0.084809
258.000000	0.084685
259.000000	0.084560
260.000000	0.084436
261.000000	0.084311
262.000000	0.084187
263.000000	0.084063
264.000000	0.083938
265.000000	0.083814
266.000000	0.083689
267.000000	0.083565
268.000000	0.083441
269.000000	0.083316
270.000000	0.083192
271.000000	0.083067
272.000000	0.082943
273.000000	0.082818
274.000000	0.082694
275.000000	0.082570
276.000000	0.082445
277.000000	0.082321
278.000000	0.082196
279.000000	0.082072
280.000000	0.081948
281.000000	0.081823
282.000000	0.081699
283.000000	0.081574
284.000000	0.081450
285.000000	0.081326
286.000000	0.081201
287.000000	0.081077
288.000000	0.080952
289.000000	0.080828
290.000000	0.080704
291.000000	0.080579
292.000000	0.080455
293.000000	0.080330
294.000000	0.080206
295.000000	0.080082
296.000000	0.079957
297.000000	0.079833
298.000000	0.079708
299.000000	0.079584
300.000000	0.079460
301.000000	0.079376
302.000000	0.079292
303.000000	0.079208
304.000000	0.079125
305.000000	0.079041
306.000000	0.078957
307.000000	0.078874
308.000000	0.078790
309.000000	0.078706
310.000000	0.078622
311.000000	0.078539
312.000000	0.078455
313.000000	0.078371
314.000000	0.078288
315.000000	0.078204
316.000000	0.078120
317.000000	0.078036
318.000000	0.077953
319.000000	0.077869
320.000000	0.077785
321.000000	0.077702
322.000000	0.077618
323.000000	0.077534
324.000000	0.077450
325.000000	0.077367
326.000000	0.077283
327.000000	0.077199
328.000000	0.077115
329.000000	0.077032
330.000000	0.076948
331.000000	0.076864
332.000000	0.076781
333.000000	0.076697
334.000000	0.076613
335.000000	0.076529
336.000000	0.076446
337.000000	0.076362
338.000000	0.076278
339.000000	0.076195
340.000000	0.076111
341.000000	0.076027
342.000000	0.075943
343.000000	0.075860
344.000000	0.075776
345.000000	0.075692
346.000000	0.075609
347.000000	0.075525
348.000000	0.075441
349.000000	0.075357
350.000000	0.075274
351.000000	0.075190
352.000000	0.075106
353.000000	0.075022
354.000000	0.074939
355.000000	0.074855
356.000000	0.074771
357.000000	0.074688
358.000000	0.074604
359.000000	0.074520
360.000000	0.074436
361.000000	0.074353
362.000000	0.074269
363.000000	0.074185
364.000000	0.074102
365.000000	0.074018
366.000000	0.073934
367.000000	0.073850
368.000000	0.073767
369.000000	0.073683
370.000000	0.073599
371.000000	0.073516
372.000000	0.073432
373.000000	0.073348
374.000000	0.073264
375.000000	0.073181
376.000000	0.073097
377.000000	0.073013
378.000000	0.072929
379.000000	0.072846
380.000000	0.072762
381.000000	0.072678
382.000000	0.072595
383.000000	0.072511
384.000000	0.072427
385.000000	0.072343
386.000000	0.072260
387.000000	0.072176
388.000000	0.072092
389.000000	0.072009
390.000000	0.071925
391.000000	0.071841
392.000000	0.071757
393.000000	0.071674
394.000000	0.071590
395.000000	0.071506
396.000000	0.071423
397.000000	0.071339
398.000000	0.071255
399.000000	0.071171
400.000000	0.071088
401.000000	0.071025
402.000000	0.070963
403.000000	0.070901
404.000000	0.070839
405.000000	0.070777
406.000000	0.070715
407.000000	0.070653
408.000000	0.070590
409.000000	0.070528
410.000000	0.070466
411.000000	0.070404
412.000000	0.070342
413.000000	0.070280
414.000000	0.070218
415.000000	0.070155
416.000000	0.070093
417.000000	0.070031
418.000000	0.069969
419.000000	0.069907
420.000000	0.069845
421.000000	0.069783
422.000000	0.069720
423.000000	0.069658
424.000000	0.069596
425.000000	0.069534
426.000000	0.069472
427.000000	0.069410
428.000000	0.069348
429.000000	0.069285
430.000000	0.069223
431.000000	0.069161
432.000000	0.069099
433.000000	0.069037
434.000000	0.068975
435.000000	0.068913
436.000000	0.068850
437.000000	0.068788
438.000000	0.068726
439.000000	0.068664
440.000000	0.068602
441.000000	0.068540
442.000000	0.068478
443.000000	0.068415
444.000000	0.068353
445.000000	0.068291
446.000000	0.068229
447.000000	0.068167
448.000000	0.068105
449.000000	0.068043
450.000000	0.067980
451.000000	0.067918
452.000000	0.067856
453.000000	0.067794
454.000000	0.067732
455.000000	0.067670
456.000000	0.067608
457.000000	0.067545
458.000000	0.067483
459.000000	0.067421
460.000000	0.067359
461.000000	0.067297
462.000000	0.067235
463.000000	0.067173
464.000000	0.067110
465.000000	0.067048
466.000000	0.066986
467.000000	0.066924
468.000000	0.066862
469.000000	0.066800
470.000000	0.066738
471.000000	0.066675
472.000000	0.066613
473.000000	0.066551
474.000000	0.066489
475.000000	0.066427
476.000000	0.066365
477.000000	0.066303
478.000000	0.066240
479.000000	0.066178
480.000000	0.066116
481.000000	0.066054
482.000000	0.065992
483.000000	0.065930
484.000000	0.065868
485.000000	0.065805
486.000000	0.065743
487.000000	0.065681
488.000000	0.065619
489.000000	0.065557
490.000000	0.065495
491.000000	0.065433
492.000000	0.065370
493.000000	0.065308
494.000000	0.065246
495.000000	0.065184
496.000000	0.065122
497.000000	0.065060
498.000000	0.064998
499.000000	0.064935
500.000000	0.064873
501.000000	0.064824
502.000000	0.064775
503.000000	0.064726
504.000000	0.064677
505.000000	0.064628
506.000000	0.064579
507.000000	0.064530
508.000000	0.064481
509.000000	0.064432
510.000000	0.064383
511.000000	0.064334
512.000000	0.064285
513.000000	0.064236
514.000000	0.064187
515.000000	0.064138
516.000000	0.064089
517.000000	0.064040
518.000000	0.063991
519.000000	0.063942
520.000000	0.063893
521.000000	0.063844
522.000000	0.063795
523.000000	0.063746
524.000000	0.063697
525.000000	0.063648
526.000000	0.063599
527.000000	0.063550
528.000000	0.063501
529.000000	0.063452
530.000000	0.063403
531.000000	0.063354
532.000000	0.063305
533.000000	0.063255
534.000000	0.063206
535.000000	0.063157
536.000000	0.063108
537.000000	0.063059
538.000000	0.063010
539.000000	0.062961
540.000000	0.062912
541.000000	0.062863
542.000000	0.062814
543.000000	0.062765
544.000000	0.062716
545.000000	0.062667
546.000000	0.062618
547.000000	0.062569
548.000000	0.062520
549.000000	0.062471
550.000000	0.062422
551.000000	0.062373
552.000000	0.062324
553.000000	0.062275
554.000000	0.062226
555.000000	0.062177
556.000000	0.062128
557.000000	0.062079
558.000000	0.062030
559.000000	0.061981
560.000000	0.061932
561.000000	0.061883
562.000000	0.061834
563.000000	0.061785
564.000000	0.061736
565.000000	0.061687
566.000000	0.061638
567.000000	0.061589
568.000000	0.061540
569.000000	0.061491
570.000000	0.061442
571.000000	0.061393
572.000000	0.061344
573.000000	0.061295
574.000000	0.061246
575.000000	0.061197
576.000000	0.061148
577.000000	0.061099
578.000000	0.061049
579.000000	0.061000
580.000000	0.060951
581.000000	0.060902
582.000000	0.060853
583.000000	0.060804
584.000000	0.060755
585.000000	0.060706
586.000000	0.060657
587.000000	0.060608
588.000000	0.060559
589.000000	0.060510
590.000000	0.060461
591.000000	0.060412
592.000000	0.060363
593.000000	0.060314
594.000000	0.060265
595.000000	0.060216
596.000000	0.060167
597.000000	0.060118
598.000000	0.060069
599.000000	0.060020
600.000000	0.059971
601.000000	0.059934
602.000000	0.059898
603.000000	0.059861
604.000000	0.059825
605.000000	0.059788
606.000000	0.059751
607.000000	0.059715
608.000000	0.059678
609.000000	0.059642
610.000000	0.059605
611.000000	0.059568
612.000000	0.059532
613.000000	0.059495
614.000000	0.059459
615.000000	0.059422
616.000000	0.059385
617.000000	0.059349
618.000000	0.059312
619.000000	0.059276
620.000000	0.059239
621.000000	0.059203
622.000000	0.059166
623.000000	0.059129
624.000000	0.059093
625.000000	0.059056
626.000000	0.059020
627.000000	0.058983
628.000000	0.058946
629.000000	0.058910
630.000000	0.058873
631.000000	0.058837
632.000000	0.058800
633.000000	0.058763
634.000000	0.058727
635.000000	0.058690
636.000000	0.058654
637.000000	0.058617
638.000000	0.058580
639.000000	0.058544
640.000000	0.058507
641.000000	0.058471
642.000000	0.058434
643.000000	0.058397
644.000000	0.058361
645.000000	0.058324
646.000000	0.058288
647.000000	0.058251
648.000000	0.058214
649.000000	0.058178
650.000000	0.058141
651.000000	0.058105
652.000000	0.058068
653.000000	0.058032
654.000000	0.057995
655.000000	0.057958
656.000000	0.057922
657.000000	0.057885
658.000000	0.057849
659.000000	0.057812
660.000000	0.057775
661.000000	0.057739
662.000000	0.057702
663.000000	0.057666
664.000000	0.057629
665.000000	0.057592
666.000000	0.057556
667.000000	0.057519
668.000000	0.057483
669.000000	0.057446
670.000000	0.057409
671.000000	0.057373
672.000000	0.057336
673.000000	0.057300
674.000000	0.057263
675.000000	0.057226
676.000000	0.057190
677.000000	0.057153
678.000000	0.057117
679.000000	0.057080
680.000000	0.057043
681.000000	0.057007
682.000000	0.056970
683.000000	0.056934
684.000000	0.056897
685.000000	0.056860
686.000000	0.056824
687.000000	0.056787
688.000000	0.056751
689.000000	0.056714
690.000000	0.056678
691.000000	0.056641
692.000000	0.056604
693.000000	0.056568
694.000000	0.056531
695.000000	0.056495
696.000000	0.056458
697.000000	0.056421
698.000000	0.056385
699.000000	0.056348
700.000000	0.056312
701.000000	0.056275
702.000000	0.056238
703.000000	0.056202
704.000000	0.056165
705.000000	0.056129
706.000000	0.056092
707.000000	0.056055
708.000000	0.056019
709.000000	0.055982
710.000000	0.055946
711.000000	0.055909
712.000000	0.055872
713.000000	0.055836
714.000000	0.055799
715.000000	0.055763
716.000000	0.055726
717.000000	0.055689
718.000000	0.055653
719.000000	0.055616
720.000000	0.055580
721.000000	0.055543
722.000000	0.055507
723.000000	0.055470
724.000000	0.055433
725.000000	0.055397
726.000000	0.055360
727.000000	0.055324
728.000000	0.055287
729.000000	0.055250
730.000000	0.055214
731.000000	0.055177
732.000000	0.055141
733.000000	0.055104
734.000000	0.055067
735.000000	0.055031
736.000000	0.054994
737.000000	0.054958
738.000000	0.054921
739.000000	0.054884
740.000000	0.054848
741.000000	0.054811
742.000000	0.054775
743.000000	0.054738
744.000000	0.054701
745.000000	0.054665
746.000000	0.054628
747.000000	0.054592
748.000000	0.054555
749.000000	0.054518
750.000000	0.054482
751.000000	0.054445
752.000000	0.054409
753.000000	0.054372
754.000000	0.054336
755.000000	0.054299
756.000000	0.054262
757.000000	0.054226
758.000000	0.054189
759.000000	0.054153
760.000000	0.054116
761.000000	0.054079
762.000000	0.054043
763.000000	0.054006
764.000000	0.053970
765.000000	0.053933
766.000000	0.053896
767.000000	0.053860
768.000000	0.053823
769.000000	0.053787
770.000000	0.053750
771.000000	0.053713
772.000000	0.053677
773.000000	0.053640
774.000000	0.053604
775.000000	0.053567
776.000000	0.053530
777.000000	0.053494
778.000000	0.053457
779.000000	0.053421
780.000000	0.053384
781.000000	0.053347
782.000000	0.053311
783.000000	0.053274
784.000000	0.053238
785.000000	0.053201
786.000000	0.053164
787.000000	0.053128
788.000000	0.053091
789.000000	0.053055
790.000000	0.053018
791.000000	0.052982
792.000000	0.052945
793.000000	0.052908
794.000000	0.052872
795.000000	0.052835
796.000000	0.052799
797.000000	0.052762
798.000000	0.052725
799.000000	0.052689
800.000000	0.052652
801.000000	0.052626
802.000000	0.052599
803.000000	0.052572
804.000000	0.052546
805.000000	0.052519
806.000000	0.052492
807.000000	0.052466
808.000000	0.052439
809.000000	0.052413
810.000000	0.052386
811.000000	0.052359
812.000000	0.052333
813.000000	0.052306
814.000000	0.052279
815.000000	0.052253
816.000000	0.052226
817.000000	0.052200
818.000000	0.052173
819.000000	0.052146
820.000000	0.052120
821.000000	0.052093
822.000000	0.052066
823.000000	0.052040
824.000000	0.052013
825.000000	0.051987
826.000000	0.051960
827.000000	0.051933
828.000000	0.051907
829.000000	0.051880
830.000000	0.051853
831.000000	0.051827
832.000000	0.051800
833.000000	0.051774
834.000000	0.051747
835.000000	0.051720
836.000000	0.051694
837.000000	0.051667
838.000000	0.051640
839.000000	0.051614
840.000000	0.051587
841.000000	0.051561
842.000000	0.051534
843.000000	0.051507
844.000000	0.051481
845.000000	0.051454
846.000000	0.051427
847.000000	0.051401
848.000000	0.051374
849.000000	0.051348
850.000000	0.051321
851.000000	0.051294
852.000000	0.051268
853.000000	0.051241
854.000000	0.051214
855.000000	0.051188
856.000000	0.051161
857.000000	0.051135
858.000000	0.051108
859.000000	0.051081
860.000000	0.051055
861.000000	0.051028
862.000000	0.051002
863.000000	0.050975
864.000000	0.050948
865.000000	0.050922
866.000000	0.050895
867.000000	0.050868
868.000000	0.050842
869.000000	0.050815
870.000000	0.050789
871.000000	0.050762
872.000000	0.050735
873.000000	0.050709
874.000000	0.050682
875.000000	0.050655
876.000000	0.050629
877.000000	0.050602
878.000000	0.050576
879.000000	0.050549
880.000000	0.050522
881.000000	0.050496
882.000000	0.050469
883.000000	0.050442
884.000000	0.050416
885.000000	0.050389
886.000000	0.050363
887.000000	0.050336
888.000000	0.050309
889.000000	0.050283
890.000000	0.050256
891.000000	0.050229
892.000000	0.050203
893.000000	0.050176
894.000000	0.050150
895.000000	0.050123
896.000000	0.050096
897.000000	0.050070
898.000000	0.050043
899.000000	0.050016
900.000000	0.049990
901.000000	0.049963
902.000000	0.049937
903.000000	0.049910
904.000000	0.049883
905.000000	0.049857
906.000000	0.049830
907.000000	0.049803
908.000000	0.049777
909.000000	0.049750
910.000000	0.049724
911.000000	0.049697
912.000000	0.049670
913.000000	0.049644
914.000000	0.049617
915.000000	0.049590
916.000000	0.049564
917.000000	0.049537
918.000000	0.049511
919.000000	0.049484
920.000000	0.049457
921.000000	0.049431
922.000000	0.049404
923.000000	0.049377
924.000000	0.049351
925.000000	0.049324
926.000000	0.049298
927.000000	0.049271
928.000000	0.049244
929.000000	0.049218
930.000000	0.049191
931.000000	0.049164
932.000000	0.049138
933.000000	0.049111
934.000000	0.049085
935.000000	0.049058
936.000000	0.049031
937.000000	0.049005
938.000000	0.048978
939.000000	0.048951
940.000000	0.048925
941.000000	0.048898
942.000000	0.048872
943.000000	0.048845
944.000000	0.048818
945.000000	0.048792
946.000000	0.048765
947.000000	0.048738
948.000000	0.048712
949.000000	0.048685
950.000000	0.048659
951.000000	0.048632
952.000000	0.048605
953.000000	0.048579
954.000000	0.048552
955.000000	0.048525
956.000000	0.048499
957.000000	0.048472
958.000000	0.048446
959.000000	0.048419
960.000000	0.048392
961.000000	0.048366
962.000000	0.048339
963.000000	0.048313
964.000000	0.048286
965.000000	0.048259
966.000000	0.048233
967.000000	0.048206
968.000000	0.048179
969.000000	0.048153
970.000000	0.048126
971.000000	0.048100
972.000000	0.048073
973.000000	0.048046
974.000000	0.048020
975.000000	0.047993
976.000000	0.047966
977.000000	0.047940
978.000000	0.047913
979.000000	0.047887
980.000000	0.047860
981.000000	0.047833
982.000000	0.047807
983.000000	0.047780
984.000000	0.047753
985.000000	0.047727
986.000000	0.047700
987.000000	0.047674
988.000000	0.047647
989.000000	0.047620
990.000000	0.047594
991.000000	0.047567
992.000000	0.047540
993.000000	0.047514
994.000000	0.047487
995.000000	0.047461
996.000000	0.047434
997.000000	0.047407
998.000000	0.047381
999.000000	0.047354
1000.000000	0.047327